~o
<STREAMINFO> 1 13
<VECSIZE> 13<NULLD><MFCC_0><DIAGC>
~t "T_b"
<TRANSP> 5
 0.000000e+00 1.000000e+00 0.000000e+00 0.000000e+00 0.000000e+00
 0.000000e+00 8.441337e-01 1.558664e-01 0.000000e+00 0.000000e+00
 0.000000e+00 0.000000e+00 7.706960e-01 2.293039e-01 0.000000e+00
 0.000000e+00 0.000000e+00 0.000000e+00 7.953410e-01 2.046590e-01
 0.000000e+00 0.000000e+00 0.000000e+00 0.000000e+00 0.000000e+00
~t "T_d"
<TRANSP> 5
 0.000000e+00 1.000000e+00 0.000000e+00 0.000000e+00 0.000000e+00
 0.000000e+00 4.324872e-01 5.675128e-01 0.000000e+00 0.000000e+00
 0.000000e+00 0.000000e+00 9.554259e-02 9.044574e-01 0.000000e+00
 0.000000e+00 0.000000e+00 0.000000e+00 3.902687e-03 9.960973e-01
 0.000000e+00 0.000000e+00 0.000000e+00 0.000000e+00 0.000000e+00
~t "T_g"
<TRANSP> 5
 0.000000e+00 1.000000e+00 0.000000e+00 0.000000e+00 0.000000e+00
 0.000000e+00 7.606215e-01 2.393785e-01 0.000000e+00 0.000000e+00
 0.000000e+00 0.000000e+00 8.122982e-01 1.877017e-01 0.000000e+00
 0.000000e+00 0.000000e+00 0.000000e+00 8.528134e-01 1.471866e-01
 0.000000e+00 0.000000e+00 0.000000e+00 0.000000e+00 0.000000e+00
~t "T_j"
<TRANSP> 5
 0.000000e+00 1.000000e+00 0.000000e+00 0.000000e+00 0.000000e+00
 0.000000e+00 8.789949e-01 1.210051e-01 0.000000e+00 0.000000e+00
 0.000000e+00 0.000000e+00 8.533041e-01 1.466959e-01 0.000000e+00
 0.000000e+00 0.000000e+00 0.000000e+00 8.364704e-01 1.635296e-01
 0.000000e+00 0.000000e+00 0.000000e+00 0.000000e+00 0.000000e+00
~t "T_k"
<TRANSP> 5
 0.000000e+00 1.000000e+00 0.000000e+00 0.000000e+00 0.000000e+00
 0.000000e+00 5.601636e-01 4.398364e-01 0.000000e+00 0.000000e+00
 0.000000e+00 0.000000e+00 3.004432e-01 6.995567e-01 0.000000e+00
 0.000000e+00 0.000000e+00 0.000000e+00 6.557972e-01 3.442028e-01
 0.000000e+00 0.000000e+00 0.000000e+00 0.000000e+00 0.000000e+00
~t "T_l"
<TRANSP> 5
 0.000000e+00 1.000000e+00 0.000000e+00 0.000000e+00 0.000000e+00
 0.000000e+00 8.952081e-01 1.047919e-01 0.000000e+00 0.000000e+00
 0.000000e+00 0.000000e+00 8.685425e-01 1.314575e-01 0.000000e+00
 0.000000e+00 0.000000e+00 0.000000e+00 4.154201e-01 5.845799e-01
 0.000000e+00 0.000000e+00 0.000000e+00 0.000000e+00 0.000000e+00
~t "T_m"
<TRANSP> 5
 0.000000e+00 1.000000e+00 0.000000e+00 0.000000e+00 0.000000e+00
 0.000000e+00 6.383592e-01 3.616408e-01 0.000000e+00 0.000000e+00
 0.000000e+00 0.000000e+00 6.201868e-01 3.798132e-01 0.000000e+00
 0.000000e+00 0.000000e+00 0.000000e+00 7.091148e-01 2.908852e-01
 0.000000e+00 0.000000e+00 0.000000e+00 0.000000e+00 0.000000e+00
~t "T_n"
<TRANSP> 5
 0.000000e+00 1.000000e+00 0.000000e+00 0.000000e+00 0.000000e+00
 0.000000e+00 7.429484e-01 2.570517e-01 0.000000e+00 0.000000e+00
 0.000000e+00 0.000000e+00 8.007427e-01 1.992573e-01 0.000000e+00
 0.000000e+00 0.000000e+00 0.000000e+00 7.778310e-01 2.221689e-01
 0.000000e+00 0.000000e+00 0.000000e+00 0.000000e+00 0.000000e+00
~t "T_p"
<TRANSP> 5
 0.000000e+00 1.000000e+00 0.000000e+00 0.000000e+00 0.000000e+00
 0.000000e+00 6.543374e-01 3.456626e-01 0.000000e+00 0.000000e+00
 0.000000e+00 0.000000e+00 6.142749e-01 3.857252e-01 0.000000e+00
 0.000000e+00 0.000000e+00 0.000000e+00 1.153257e-01 8.846744e-01
 0.000000e+00 0.000000e+00 0.000000e+00 0.000000e+00 0.000000e+00
~t "T_r"
<TRANSP> 5
 0.000000e+00 1.000000e+00 0.000000e+00 0.000000e+00 0.000000e+00
 0.000000e+00 5.085179e-01 4.914821e-01 0.000000e+00 0.000000e+00
 0.000000e+00 0.000000e+00 5.520493e-01 4.479506e-01 0.000000e+00
 0.000000e+00 0.000000e+00 0.000000e+00 5.909020e-01 4.090981e-01
 0.000000e+00 0.000000e+00 0.000000e+00 0.000000e+00 0.000000e+00
~t "T_s"
<TRANSP> 5
 0.000000e+00 1.000000e+00 0.000000e+00 0.000000e+00 0.000000e+00
 0.000000e+00 2.317613e-01 7.682387e-01 0.000000e+00 0.000000e+00
 0.000000e+00 0.000000e+00 7.391948e-01 2.608052e-01 0.000000e+00
 0.000000e+00 0.000000e+00 0.000000e+00 8.252423e-01 1.747576e-01
 0.000000e+00 0.000000e+00 0.000000e+00 0.000000e+00 0.000000e+00
~t "T_t"
<TRANSP> 5
 0.000000e+00 1.000000e+00 0.000000e+00 0.000000e+00 0.000000e+00
 0.000000e+00 7.053899e-01 2.946102e-01 0.000000e+00 0.000000e+00
 0.000000e+00 0.000000e+00 7.117438e-01 2.882562e-01 0.000000e+00
 0.000000e+00 0.000000e+00 0.000000e+00 5.349092e-01 4.650908e-01
 0.000000e+00 0.000000e+00 0.000000e+00 0.000000e+00 0.000000e+00
~t "T_w"
<TRANSP> 5
 0.000000e+00 1.000000e+00 0.000000e+00 0.000000e+00 0.000000e+00
 0.000000e+00 8.635422e-01 1.364578e-01 0.000000e+00 0.000000e+00
 0.000000e+00 0.000000e+00 7.703193e-01 2.296807e-01 0.000000e+00
 0.000000e+00 0.000000e+00 0.000000e+00 7.212570e-01 2.787430e-01
 0.000000e+00 0.000000e+00 0.000000e+00 0.000000e+00 0.000000e+00
~t "T_ah"
<TRANSP> 5
 0.000000e+00 1.000000e+00 0.000000e+00 0.000000e+00 0.000000e+00
 0.000000e+00 5.915963e-01 4.084037e-01 0.000000e+00 0.000000e+00
 0.000000e+00 0.000000e+00 7.881827e-01 2.118173e-01 0.000000e+00
 0.000000e+00 0.000000e+00 0.000000e+00 6.819907e-01 3.180093e-01
 0.000000e+00 0.000000e+00 0.000000e+00 0.000000e+00 0.000000e+00
~t "T_ax"
<TRANSP> 5
 0.000000e+00 1.000000e+00 0.000000e+00 0.000000e+00 0.000000e+00
 0.000000e+00 4.944719e-01 5.055281e-01 0.000000e+00 0.000000e+00
 0.000000e+00 0.000000e+00 3.418925e-01 6.581075e-01 0.000000e+00
 0.000000e+00 0.000000e+00 0.000000e+00 3.045566e-01 6.954433e-01
 0.000000e+00 0.000000e+00 0.000000e+00 0.000000e+00 0.000000e+00
~t "T_ay"
<TRANSP> 5
 0.000000e+00 1.000000e+00 0.000000e+00 0.000000e+00 0.000000e+00
 0.000000e+00 8.061945e-01 1.938055e-01 0.000000e+00 0.000000e+00
 0.000000e+00 0.000000e+00 6.862589e-01 3.137412e-01 0.000000e+00
 0.000000e+00 0.000000e+00 0.000000e+00 9.124711e-01 8.752890e-02
 0.000000e+00 0.000000e+00 0.000000e+00 0.000000e+00 0.000000e+00
~t "T_eh"
<TRANSP> 5
 0.000000e+00 1.000000e+00 0.000000e+00 0.000000e+00 0.000000e+00
 0.000000e+00 8.275895e-01 1.724105e-01 0.000000e+00 0.000000e+00
 0.000000e+00 0.000000e+00 8.578881e-01 1.421119e-01 0.000000e+00
 0.000000e+00 0.000000e+00 0.000000e+00 7.194560e-01 2.805440e-01
 0.000000e+00 0.000000e+00 0.000000e+00 0.000000e+00 0.000000e+00
~t "T_hh"
<TRANSP> 5
 0.000000e+00 1.000000e+00 0.000000e+00 0.000000e+00 0.000000e+00
 0.000000e+00 7.838717e-01 2.161283e-01 0.000000e+00 0.000000e+00
 0.000000e+00 0.000000e+00 9.166849e-01 8.331516e-02 0.000000e+00
 0.000000e+00 0.000000e+00 0.000000e+00 9.356610e-01 6.433895e-02
 0.000000e+00 0.000000e+00 0.000000e+00 0.000000e+00 0.000000e+00
~t "T_ih"
<TRANSP> 5
 0.000000e+00 1.000000e+00 0.000000e+00 0.000000e+00 0.000000e+00
 0.000000e+00 7.723719e-01 2.276281e-01 0.000000e+00 0.000000e+00
 0.000000e+00 0.000000e+00 7.954310e-01 2.045691e-01 0.000000e+00
 0.000000e+00 0.000000e+00 0.000000e+00 4.765292e-01 5.234709e-01
 0.000000e+00 0.000000e+00 0.000000e+00 0.000000e+00 0.000000e+00
~t "T_iy"
<TRANSP> 5
 0.000000e+00 1.000000e+00 0.000000e+00 0.000000e+00 0.000000e+00
 0.000000e+00 7.712951e-01 2.287049e-01 0.000000e+00 0.000000e+00
 0.000000e+00 0.000000e+00 8.649432e-01 1.350568e-01 0.000000e+00
 0.000000e+00 0.000000e+00 0.000000e+00 4.735086e-01 5.264914e-01
 0.000000e+00 0.000000e+00 0.000000e+00 0.000000e+00 0.000000e+00
~t "T_ng"
<TRANSP> 5
 0.000000e+00 1.000000e+00 0.000000e+00 0.000000e+00 0.000000e+00
 0.000000e+00 7.536560e-01 2.463441e-01 0.000000e+00 0.000000e+00
 0.000000e+00 0.000000e+00 7.662865e-01 2.337135e-01 0.000000e+00
 0.000000e+00 0.000000e+00 0.000000e+00 7.900805e-01 2.099195e-01
 0.000000e+00 0.000000e+00 0.000000e+00 0.000000e+00 0.000000e+00
~t "T_oh"
<TRANSP> 5
 0.000000e+00 1.000000e+00 0.000000e+00 0.000000e+00 0.000000e+00
 0.000000e+00 8.659480e-01 1.340520e-01 0.000000e+00 0.000000e+00
 0.000000e+00 0.000000e+00 9.230111e-01 7.698883e-02 0.000000e+00
 0.000000e+00 0.000000e+00 0.000000e+00 7.213666e-02 9.278634e-01
 0.000000e+00 0.000000e+00 0.000000e+00 0.000000e+00 0.000000e+00
~t "T_uh"
<TRANSP> 5
 0.000000e+00 1.000000e+00 0.000000e+00 0.000000e+00 0.000000e+00
 0.000000e+00 3.217010e-01 6.782990e-01 0.000000e+00 0.000000e+00
 0.000000e+00 0.000000e+00 6.069319e-01 3.930681e-01 0.000000e+00
 0.000000e+00 0.000000e+00 0.000000e+00 7.114458e-01 2.885542e-01
 0.000000e+00 0.000000e+00 0.000000e+00 0.000000e+00 0.000000e+00
~t "T_uw"
<TRANSP> 5
 0.000000e+00 1.000000e+00 0.000000e+00 0.000000e+00 0.000000e+00
 0.000000e+00 3.746296e-01 6.253704e-01 0.000000e+00 0.000000e+00
 0.000000e+00 0.000000e+00 8.179447e-01 1.820553e-01 0.000000e+00
 0.000000e+00 0.000000e+00 0.000000e+00 7.190822e-01 2.809177e-01
 0.000000e+00 0.000000e+00 0.000000e+00 0.000000e+00 0.000000e+00
~s "ST_s_2_1"
<MEAN> 13
 -1.416753e+01 5.174376e+00 -3.165219e+00 1.382371e+00 1.135856e+01 -1.446239e+01 7.323081e+00 -1.316958e+00 5.349192e+00 -1.524890e+00 -1.588459e+00 5.723870e-01 5.861467e+01
<VARIANCE> 13
 8.172392e+01 7.611850e+01 7.908105e+01 9.637824e+01 1.131094e+02 5.567970e+01 1.059840e+02 3.765956e+01 3.088883e+01 4.796392e+01 6.955002e+01 3.993359e+01 1.335269e+02
<GCONST> 7.873104e+01
~s "ST_s_3_1"
<MEAN> 13
 -1.744577e+01 5.716633e+00 -7.078483e+00 1.058838e+01 4.872935e+00 -9.733974e+00 7.841054e+00 1.256442e+00 6.742541e+00 -6.055342e-02 1.195662e+00 -1.348368e+00 6.216287e+01
<VARIANCE> 13
 1.874911e+01 2.919821e+01 3.194303e+01 5.395329e+01 4.924438e+01 3.697320e+01 3.556334e+01 2.501359e+01 2.043194e+01 2.717118e+01 1.804529e+01 1.965421e+01 2.800048e+01
<GCONST> 6.747011e+01
~s "ST_s_4_1"
<MEAN> 13
 -2.671419e+01 6.230474e-01 -1.852764e+00 -2.244655e+00 1.706353e+01 -1.835566e+01 9.519910e+00 -9.827728e-01 7.714242e+00 -8.549175e+00 7.694888e-01 2.367676e+00 5.420446e+01
<VARIANCE> 13
 5.932968e+01 7.076321e+01 5.098628e+01 4.041822e+01 7.928383e+01 6.277163e+01 8.995686e+01 5.106136e+01 6.190209e+01 5.310511e+01 3.596086e+01 5.250056e+01 5.472663e+01
<GCONST> 7.645401e+01
~s "ST_oh_2_1"
<MEAN> 13
 3.172072e+00 -7.243143e+00 -8.800577e+00 -2.916449e+01 1.069687e+01 -4.169672e+00 6.500597e+00 -1.550024e+01 6.865020e+00 4.451975e+00 -9.570553e+00 3.918581e-02 7.073261e+01
<VARIANCE> 13
 3.444692e+00 1.776198e+01 2.014980e+01 5.864887e+01 5.739460e+01 5.130949e+01 5.710330e+01 6.451244e+01 7.819189e+01 7.853745e+01 4.535547e+01 4.471603e+01 2.427362e+01
<GCONST> 7.080760e+01
~s "ST_oh_3_1"
<MEAN> 13
 4.869881e+00 -1.442522e+01 -1.405633e+01 -8.297642e+00 -9.638794e+00 -1.240332e+00 -6.927338e+00 -3.326899e-01 -1.128738e+00 6.907663e+00 -6.032823e+00 -1.648156e+01 7.375014e+01
<VARIANCE> 13
 1.966044e+00 2.378065e+01 8.655564e+00 6.401744e+01 4.485778e+01 2.036812e+01 3.480156e+01 2.432655e+01 3.177052e+01 2.620856e+01 2.839197e+01 4.657602e+01 1.295026e+01
<GCONST> 6.408630e+01
~s "ST_oh_4_1"
<MEAN> 13
 4.058941e+00 -1.004836e+01 -9.717969e+00 -4.120379e+00 4.498775e+00 -7.975703e+00 -3.531004e+00 -3.132190e+00 6.094234e+00 -4.700161e-01 -2.895025e+00 -6.487326e+00 6.775050e+01
<VARIANCE> 13
 8.904185e+00 1.335906e+01 1.165310e+01 4.617711e+01 2.977978e+01 1.410011e+01 3.225585e+01 1.574268e+01 5.989906e+01 1.029618e+02 3.111851e+01 7.948977e+01 9.018684e+00
<GCONST> 6.596901e+01
~s "ST_uh_2_1"
<MEAN> 13
 -1.297228e+00 9.325250e+00 -4.876751e+00 -1.076521e+01 -5.198285e+00 1.403206e+00 -4.631125e+00 -3.622909e+00 -5.534017e+00 -5.877950e+00 -3.824873e+00 -1.988912e+00 4.954522e+01
<VARIANCE> 13
 6.874821e+01 1.921900e+01 2.829769e+01 6.765313e+01 4.061752e+01 4.270161e+01 2.646354e+01 3.065790e+01 2.386054e+01 3.399383e+01 2.576500e+01 2.410278e+01 1.434061e+02
<GCONST> 7.088845e+01
~s "ST_uh_3_1"
<MEAN> 13
 4.796585e+00 2.522905e+00 -4.272173e+00 -1.324669e+01 -9.855256e+00 -2.354816e-01 -1.002225e+01 -8.059542e+00 -1.114610e+01 -5.840765e-02 2.077669e+00 -4.836582e+00 6.184320e+01
<VARIANCE> 13
 1.687396e+01 5.160593e+01 1.904950e+01 2.462373e+01 2.314198e+01 2.565483e+01 5.817193e+01 1.876425e+01 3.660144e+01 3.811108e+01 3.920840e+01 3.621670e+01 1.115775e+02
<GCONST> 6.940803e+01
~s "ST_uh_4_1"
<MEAN> 13
 9.604414e+00 7.410643e+00 -5.664382e+00 -2.574438e+01 -9.955466e+00 1.357697e+01 -1.201019e+01 -1.397831e+01 9.703368e-01 -1.055309e+01 -1.976813e+00 1.133549e+01 6.060788e+01
<VARIANCE> 13
 2.165421e+01 6.375434e+01 6.153148e+01 1.585265e+02 7.319151e+01 1.329349e+02 9.079233e+01 7.219741e+01 6.660604e+01 7.735168e+01 7.005402e+01 1.568168e+02 5.699366e+01
<GCONST> 8.017347e+01
~s "ST_uh_4_2"
<MEAN> 13
 -6.974187e+00 1.397210e+01 -4.268898e+00 -1.005923e+00 -8.213202e+00 -7.801456e-01 -1.372001e+01 -1.055721e+01 -9.846113e+00 -6.608012e+00 -3.078573e+00 -1.437167e+00 3.685819e+01
<VARIANCE> 13
 5.154723e+01 3.390816e+01 3.389454e+01 4.931121e+01 2.181899e+01 2.148303e+01 4.887794e+01 4.592505e+01 3.944569e+01 5.009961e+01 2.931584e+01 1.943184e+01 8.077561e+01
<GCONST> 7.097200e+01
~s "ST_l_2_1"
<MEAN> 13
 3.981154e+00 -1.659398e+01 -1.407293e+01 -1.008478e+01 -3.137969e+00 -4.252845e-03 -1.086201e+01 -1.611775e-02 -8.322792e-01 5.485695e+00 -1.136841e+01 -1.772920e+01 7.540700e+01
<VARIANCE> 13
 2.899224e+00 8.232183e+00 1.241940e+01 1.275375e+01 3.469733e+01 1.208541e+01 2.031468e+01 1.237070e+01 1.751911e+01 2.388365e+01 1.439712e+01 3.290181e+01 6.793279e+00
<GCONST> 5.780830e+01
~s "ST_l_3_1"
<MEAN> 13
 3.850928e+00 -1.232050e+01 -3.570143e+00 -2.053274e+01 1.733197e+01 -4.160391e+00 -5.042488e+00 -3.705245e+00 7.205856e+00 3.898622e+00 -2.045108e+01 1.666475e+00 7.073353e+01
<VARIANCE> 13
 4.513511e+00 1.401747e+01 1.653156e+01 1.705609e+01 4.536035e+01 1.380751e+01 3.134774e+01 2.268510e+01 2.173594e+01 3.669400e+01 3.011713e+01 2.961329e+01 6.251827e+00
<GCONST> 6.199603e+01
~s "ST_l_4_1"
<MEAN> 13
 6.650491e+00 -4.517556e+00 -6.325012e+00 -1.682895e+01 9.140041e+00 2.473797e+00 -1.044434e+01 -3.896391e+00 2.576691e+00 7.994884e+00 -1.384703e+01 -2.760322e+00 6.535657e+01
<VARIANCE> 13
 1.495834e+01 8.599940e+01 2.880961e+01 5.111145e+01 1.130901e+02 6.366722e+01 7.028396e+01 3.497060e+01 1.163844e+02 4.960614e+01 9.009373e+01 5.880492e+01 3.910886e+01
<GCONST> 7.593807e+01
~s "ST_b_2_1"
<MEAN> 13
 7.411847e+00 1.224212e+01 -7.115336e+00 4.706660e-01 -3.389974e+00 2.886089e+00 -7.772453e+00 -3.764228e+00 -4.515754e+00 -2.621518e+00 -6.477250e+00 -6.975799e+00 4.813040e+01
<VARIANCE> 13
 4.660987e+01 1.317202e+02 3.596685e+01 6.452135e+01 6.152894e+01 5.316051e+01 2.811774e+01 2.170647e+01 3.437762e+01 7.564902e+01 2.225322e+01 1.315208e+01 7.144170e+01
<GCONST> 7.268278e+01
~s "ST_b_3_1"
<MEAN> 13
 -6.326375e+00 1.317739e+00 -9.515976e+00 7.467943e-01 3.163897e+00 6.103303e+00 7.447817e-01 1.850347e+00 1.936608e+00 -1.308902e+00 -3.010227e+00 -3.936905e+00 4.575307e+01
<VARIANCE> 13
 5.825237e+01 6.495627e+01 5.823357e+01 2.608570e+01 2.510890e+01 1.115821e+02 2.349533e+01 2.110536e+01 5.197060e+01 3.675249e+01 1.718061e+01 6.228414e+01 1.234101e+02
<GCONST> 7.294695e+01
~s "ST_b_4_1"
<MEAN> 13
 -1.325915e+01 7.366333e+00 -5.436159e+00 5.672346e+00 -4.588344e+00 3.056618e+00 -6.163511e+00 -2.576196e-01 -3.355655e+00 -4.108640e+00 -1.843876e+00 -6.648738e+00 3.330805e+01
<VARIANCE> 13
 8.783361e+01 3.501738e+01 1.492324e+01 4.605005e+01 4.421114e+01 3.421506e+01 3.097553e+01 1.573613e+01 3.143671e+01 3.079387e+01 6.112394e+01 6.243934e+01 1.172849e+02
<GCONST> 7.185413e+01
~s "ST_r_2_1"
<MEAN> 13
 3.240635e+00 -9.389804e+00 -5.026730e+00 5.875663e-01 -4.548492e+00 -9.756617e+00 -5.196122e+00 1.836456e-01 3.765505e+00 6.153166e+00 -6.035292e+00 -1.033426e+01 6.595634e+01
<VARIANCE> 13
 8.681710e+00 2.233586e+01 3.450339e+01 2.709268e+01 6.485902e+01 2.527567e+01 3.455780e+01 3.892804e+01 3.046087e+01 6.286419e+01 2.962192e+01 7.351099e+01 1.793421e+01
<GCONST> 6.873663e+01
~s "ST_r_3_1"
<MEAN> 13
 2.024771e+00 -7.773199e+00 6.983586e-01 2.880497e+00 -7.673393e-02 -8.297253e+00 -2.366124e+00 4.459737e+00 1.452764e+00 1.381829e+00 -2.437745e+00 -3.305106e+00 6.199608e+01
<VARIANCE> 13
 1.945309e+01 5.797668e+01 4.175628e+01 4.427029e+01 4.756071e+01 3.009545e+01 5.955725e+01 6.586352e+01 2.716969e+01 4.476556e+01 5.955644e+01 6.116127e+01 2.339461e+01
<GCONST> 7.243999e+01
~s "ST_r_4_1"
<MEAN> 13
 -1.223719e+00 -4.081901e-01 -2.843932e+00 2.185549e+01 4.663417e+00 -1.844255e+00 -1.262372e+00 1.128082e+01 1.686490e+00 -5.243864e+00 -4.748487e+00 -2.069865e+00 4.639997e+01
<VARIANCE> 13
 2.675430e+01 1.082400e+02 5.259991e+01 1.361021e+02 6.001220e+01 7.317879e+01 6.903863e+01 6.225574e+01 4.855869e+01 7.505352e+01 4.671098e+01 4.392898e+01 8.524918e+01
<GCONST> 7.776605e+01
~s "ST_r_4_2"
<MEAN> 13
 4.115127e+00 -1.161942e+01 2.740539e+00 -3.209027e+00 -7.370233e+00 -1.332372e+01 -7.929598e+00 3.522159e+00 -2.107476e+00 2.940178e+00 -3.823307e+00 -5.275148e+00 6.831820e+01
<VARIANCE> 13
 4.324725e+00 2.077942e+01 8.665737e+01 3.153566e+01 9.856629e+01 4.419991e+01 4.622149e+01 4.829287e+01 2.679126e+01 2.778837e+01 4.779031e+01 7.927422e+01 2.130490e+01
<GCONST> 7.030534e+01
~s "ST_hh_2_1"
<MEAN> 13
 2.463318e+00 -1.027144e+01 2.971541e+00 -1.026256e+01 2.611543e+00 -1.976280e+01 -4.266464e+00 1.266652e+01 2.157868e+00 1.816186e+00 -1.525977e+01 4.817348e+00 6.715487e+01
<VARIANCE> 13
 6.520529e+00 4.974084e+01 2.592814e+01 1.561991e+02 8.986635e+01 4.679334e+01 1.169188e+02 2.948269e+01 3.517121e+01 2.912249e+01 2.294154e+01 8.007846e+01 6.263241e+01
<GCONST> 7.305496e+01
~s "ST_hh_3_1"
<MEAN> 13
 9.351133e-01 -1.802484e+01 -1.232984e+01 -8.833239e+00 -2.167862e+00 -4.037777e+00 -8.566620e+00 7.799958e+00 -2.783845e+00 -1.000194e+00 -1.745170e+01 -1.138665e+01 7.752792e+01
<VARIANCE> 13
 2.743692e+00 3.061318e+00 1.740408e+01 1.504825e+01 1.614351e+01 2.176180e+01 2.120593e+01 2.513204e+01 7.959016e+00 1.157213e+01 7.502893e+00 1.625160e+01 3.849345e+00
<GCONST> 5.440291e+01
~s "ST_k_2_1"
<MEAN> 13
 -9.524376e+00 6.717121e+00 -3.808955e+00 2.905699e+00 -1.454316e+00 1.557656e+00 -2.445440e+00 2.953816e-01 9.852422e-01 -5.674785e-01 8.689148e-01 -5.297983e-01 4.246809e+01
<VARIANCE> 13
 6.083258e+01 7.215845e+01 3.331703e+01 5.516116e+01 3.504034e+01 5.428830e+01 3.663762e+01 2.923018e+01 2.682841e+01 2.373543e+01 2.195996e+01 1.816024e+01 1.621612e+02
<GCONST> 7.185629e+01
~s "ST_hh_4_1"
<MEAN> 13
 5.075303e-01 -1.360690e+01 -1.203713e+00 -9.171848e+00 1.704757e+01 -7.503450e+00 1.054671e+01 -1.432134e+00 6.584509e+00 4.426606e+00 -2.212443e+01 1.930654e+00 6.771774e+01
<VARIANCE> 13
 7.491096e+00 6.511618e+00 1.656177e+01 7.021617e+01 2.666807e+01 4.988293e+01 4.651559e+01 2.472468e+01 2.975073e+01 2.266422e+01 2.503650e+01 1.760262e+01 1.739387e+01
<GCONST> 6.453726e+01
~s "ST_k_3_1"
<MEAN> 13
 -8.853277e+00 -2.297150e+00 -1.127611e+01 3.367683e+00 6.717491e+00 -1.599832e+00 -5.042923e+00 7.638682e-01 2.572824e+00 4.675423e+00 -9.176753e-01 -2.457450e+00 5.006028e+01
<VARIANCE> 13
 3.799726e+01 9.270765e+01 6.174342e+01 5.164355e+01 6.990282e+01 7.141417e+01 4.145266e+01 5.338599e+01 4.059252e+01 5.138371e+01 3.030790e+01 2.715465e+01 1.859488e+02
<GCONST> 7.592576e+01
~s "ST_k_4_1"
<MEAN> 13
 -1.338588e+01 8.436196e+00 -5.692615e+00 5.891192e+00 4.585776e+00 1.081176e+01 -2.319491e+00 -1.156876e+00 -1.140056e-02 -5.300416e-02 4.156004e+00 1.055454e+00 3.482077e+01
<VARIANCE> 13
 5.386652e+01 7.803381e+01 1.351244e+02 1.473407e+02 7.641619e+01 1.036595e+02 6.097548e+01 1.469137e+02 9.708264e+01 1.037838e+02 3.095627e+01 3.816598e+01 1.281533e+02
<GCONST> 8.135825e+01
~s "ST_k_4_2"
<MEAN> 13
 -7.087760e+00 -1.029165e+01 -1.906319e+01 -1.455766e+00 1.845648e+01 -2.074595e+01 1.634611e+00 2.770197e-01 1.480147e-02 1.095821e+01 -5.415696e+00 -7.466734e+00 5.906299e+01
<VARIANCE> 13
 3.365918e+01 4.017443e+01 1.138482e+02 1.132059e+02 1.128511e+02 1.386733e+02 6.372103e+01 5.893686e+01 5.564663e+01 6.593839e+01 8.426427e+01 5.688438e+01 5.299263e+01
<GCONST> 7.910804e+01
~s "ST_uw_2_1"
<MEAN> 13
 3.988997e+00 3.117019e-02 -3.159675e+00 -7.805820e+00 -1.624119e+00 1.698698e-01 -1.867096e+01 -1.308550e+01 -4.241512e+00 9.019084e-02 1.243079e+00 -6.790279e+00 6.293723e+01
<VARIANCE> 13
 4.070015e+01 6.138596e+01 2.694592e+01 6.025309e+01 9.544556e+01 6.027071e+01 8.322353e+01 7.094877e+01 6.340852e+01 4.043158e+01 4.754446e+01 3.431596e+01 8.016088e+01
<GCONST> 7.607961e+01
~s "ST_n_2_1"
<MEAN> 13
 2.635296e+00 2.120840e+00 3.468911e+00 -1.064304e+00 -6.486645e+00 -7.479446e+00 -9.208885e+00 -1.340199e+01 -4.282110e+00 -5.591076e-01 -5.347142e+00 -5.451352e+00 6.102861e+01
<VARIANCE> 13
 8.799072e+00 7.375966e+00 6.602116e+00 9.992812e+01 3.293302e+01 7.065345e+01 2.464176e+01 3.446202e+01 1.979902e+01 1.142204e+01 1.702148e+01 4.362678e+01 1.082176e+01
<GCONST> 6.346657e+01
~s "ST_n_2_2"
<MEAN> 13
 3.824205e+00 -3.264132e+00 -1.027744e+00 2.248094e+00 -5.091785e+00 -1.529236e+01 -5.939127e+00 -5.014911e+00 7.567968e-02 1.595821e+00 -1.309078e+01 -9.414413e+00 6.289733e+01
<VARIANCE> 13
 2.569702e+00 2.108562e+01 1.022499e+01 9.759470e+00 7.556478e+01 1.393398e+01 2.217589e+01 4.168186e+01 1.496904e+01 2.510473e+01 2.608632e+01 4.359407e+01 7.891768e+00
<GCONST> 6.130744e+01
~s "ST_uw_3_1"
<MEAN> 13
 5.158063e+00 1.868171e+00 -5.383338e+00 -1.739225e+01 -1.305326e+01 -2.697665e-01 -1.493680e+01 -8.263852e+00 -9.164683e+00 -4.522748e+00 2.017696e+00 -7.789240e+00 6.723770e+01
<VARIANCE> 13
 8.474136e+00 2.192496e+01 9.812495e+00 2.443672e+01 4.564835e+01 1.556894e+01 2.126658e+01 2.951396e+01 2.356936e+01 2.391262e+01 1.498869e+01 3.576439e+01 3.373718e+01
<GCONST> 6.374224e+01
~s "ST_n_3_1"
<MEAN> 13
 5.526740e+00 7.037677e+00 -5.386581e-01 7.974747e+00 5.144684e+00 -9.047526e+00 -6.404072e+00 -2.115812e+00 -1.065984e+00 -4.449543e+00 -1.647349e+01 6.197783e+00 5.305851e+01
<VARIANCE> 13
 1.412537e+01 4.053039e+01 4.631551e+01 4.859648e+01 7.617440e+01 4.912888e+01 3.935641e+01 5.106232e+01 5.871903e+01 5.355073e+01 6.278321e+01 6.267415e+01 2.770761e+01
<GCONST> 7.344737e+01
~s "ST_n_3_2"
<MEAN> 13
 7.936249e+00 6.009055e+00 1.213211e+00 -9.695959e+00 1.110483e+01 8.127419e+00 -2.332469e+01 -1.503346e+01 -5.683311e+00 5.687808e+00 -1.256974e+01 1.494748e-01 5.803306e+01
<VARIANCE> 13
 1.642927e+01 5.428654e+01 3.024462e+01 1.438557e+02 4.012026e+01 5.275219e+01 6.300302e+01 5.690149e+01 6.447608e+01 4.086588e+01 3.298363e+01 3.475131e+01 4.958039e+01
<GCONST> 7.373029e+01
~s "ST_uw_4_1"
<MEAN> 13
 6.248861e+00 7.050134e+00 -6.432195e+00 -2.123923e+01 -2.490266e+00 6.960142e+00 -9.916066e+00 -1.023955e+01 -6.882136e+00 1.084828e+00 -4.058294e+00 3.924201e+00 5.782581e+01
<VARIANCE> 13
 4.792115e+01 5.735806e+01 3.486532e+01 1.431267e+02 7.777303e+01 1.076054e+02 3.605586e+01 4.429780e+01 7.177501e+01 8.560862e+01 5.992099e+01 8.180177e+01 1.141055e+02
<GCONST> 7.869253e+01
~s "ST_n_4_1"
<MEAN> 13
 -2.232540e+00 1.956078e+01 4.943632e+00 1.670639e+01 4.386387e-01 1.656971e+00 -7.191511e+00 -2.224494e+00 -3.935262e+00 -7.309419e+00 -5.768322e+00 -7.864464e-01 3.837901e+01
<VARIANCE> 13
 5.701808e+01 5.888589e+01 2.198799e+01 4.735874e+01 3.082139e+01 5.450395e+01 3.145533e+01 3.967879e+01 3.673407e+01 2.849493e+01 3.995052e+01 3.455003e+01 8.250142e+01
<GCONST> 7.211179e+01
~s "ST_n_4_2"
<MEAN> 13
 -1.370033e-02 1.649645e+01 -1.509406e+00 6.665121e+00 7.399989e-01 3.797641e+00 -1.448165e+01 -1.412239e+01 -7.649161e+00 -2.718766e+00 -4.861976e+00 -2.911672e+00 4.108223e+01
<VARIANCE> 13
 5.692696e+01 3.921392e+01 1.673491e+01 2.784928e+01 4.180051e+01 3.212629e+01 5.555803e+01 3.461964e+01 2.963613e+01 3.344072e+01 2.932921e+01 2.596850e+01 5.604961e+01
<GCONST> 7.007241e+01
~s "ST_d_2_1"
<MEAN> 13
 2.906660e+00 6.977213e+00 8.269729e-01 4.136936e+00 1.065697e+00 -4.487431e+00 -1.069535e+01 -4.687347e+00 9.931652e-01 -5.661792e-01 -1.013728e+01 -6.165735e+00 5.385480e+01
<VARIANCE> 13
 1.860686e+01 3.134718e+02 3.380862e+01 2.084791e+02 8.534811e+01 5.667489e+01 1.223732e+02 7.780628e+01 5.923666e+01 5.410492e+01 4.934597e+01 4.059669e+01 2.181568e+02
<GCONST> 8.012980e+01
~s "ST_d_3_1"
<MEAN> 13
 3.749555e+00 -5.233419e+00 -2.658271e+00 -2.035931e+00 4.430542e+00 -5.717944e+00 -1.068798e+01 -5.994989e+00 3.645179e+00 1.785185e+00 -1.235728e+01 -6.387820e+00 6.303233e+01
<VARIANCE> 13
 1.277251e+01 1.201287e+02 2.089763e+01 1.812573e+02 1.071556e+02 1.184785e+02 2.570380e+02 9.325188e+01 7.058921e+01 6.048102e+01 4.880739e+01 7.598872e+01 8.806608e+01
<GCONST> 8.005711e+01
~s "ST_d_4_1"
<MEAN> 13
 3.237264e+00 -7.238675e+00 -1.494339e+00 -5.045470e+00 3.229572e+00 -8.497657e+00 -7.761330e+00 -4.454784e+00 3.941485e+00 2.889947e-01 -1.318494e+01 -3.808394e+00 6.603558e+01
<VARIANCE> 13
 1.504994e+01 4.265915e+01 2.786188e+01 1.256406e+02 8.233332e+01 1.012327e+02 2.263705e+02 9.123237e+01 5.024110e+01 4.097049e+01 5.950585e+01 6.705448e+01 2.528442e+01
<GCONST> 7.663293e+01
~s "ST_ay_2_1"
<MEAN> 13
 -1.392371e+01 3.406825e+00 -6.463595e+00 1.277969e+01 6.637341e+00 -7.976969e+00 8.703472e+00 3.396419e+00 6.717420e+00 6.122841e-01 -1.239920e+00 -2.141430e-01 6.192075e+01
<VARIANCE> 13
 2.971181e+01 1.607944e+01 2.473436e+01 3.000811e+01 2.272338e+01 1.691847e+01 2.386996e+01 1.923254e+01 2.572725e+01 2.830050e+01 1.827164e+01 1.292019e+01 9.189229e+00
<GCONST> 6.302478e+01
~s "ST_ay_3_1"
<MEAN> 13
 3.650665e+00 -8.454900e+00 -5.790876e+00 -1.168105e+01 1.194020e+01 -9.243889e+00 -1.548753e-02 7.724819e-01 1.105678e+01 -4.028102e+00 -1.683396e+01 5.817613e+00 6.744479e+01
<VARIANCE> 13
 9.395809e+00 1.863647e+01 2.152513e+01 7.391660e+01 6.898202e+01 4.216236e+01 1.935208e+01 1.117655e+01 2.359287e+01 4.058214e+01 3.575778e+01 3.875301e+01 1.738929e+01
<GCONST> 6.673604e+01
~s "ST_ay_4_1"
<MEAN> 13
 6.509929e-01 -1.210611e+01 7.821126e+00 -1.783558e+01 2.928014e+00 -1.733319e+01 9.396189e+00 1.551977e+00 5.312634e-01 8.590592e-01 -1.078899e+01 4.329574e+00 7.070255e+01
<VARIANCE> 13
 5.189248e+00 1.309928e+01 7.339530e+01 2.387317e+01 6.969669e+01 2.638111e+01 2.350183e+01 3.313605e+01 4.804507e+01 4.203339e+01 3.184922e+01 1.713922e+01 6.993952e+00
<GCONST> 6.561270e+01
~s "ST_g_2_1"
<MEAN> 13
 -5.669736e+00 4.925759e+00 2.514523e+01 -1.259010e+01 -3.323188e+00 -7.740984e+00 -4.573004e+00 -1.068246e+01 -1.056608e+01 1.540478e+00 -9.351560e+00 -5.799159e+00 6.058044e+01
<VARIANCE> 13
 1.471934e+01 5.809420e+01 1.157979e+02 1.107665e+02 2.299033e+01 2.226994e+01 2.587400e+01 3.180601e+01 3.437868e+01 3.196565e+01 2.728109e+01 2.646410e+01 9.396599e+01
<GCONST> 7.118112e+01
~s "ST_g_3_1"
<MEAN> 13
 -1.864126e+00 -7.791898e-01 9.392928e+00 1.428779e+00 -1.075885e+01 -1.613267e+01 -4.892721e+00 -2.151464e+00 -5.729003e+00 -1.687022e+00 -2.439235e+00 -6.702996e+00 6.240050e+01
<VARIANCE> 13
 4.817587e+00 9.810419e+01 5.269612e+01 5.943945e+01 9.589272e+01 8.518421e+01 6.737693e+01 3.626197e+01 3.045243e+01 2.585729e+01 6.009949e+01 6.690945e+01 1.071156e+02
<GCONST> 7.455133e+01
~s "ST_g_4_1"
<MEAN> 13
 1.459679e+00 -1.656260e+01 -9.719350e+00 -6.639898e+00 -1.171461e+01 -6.811424e+00 -1.420354e+01 6.499040e+00 3.328450e+00 2.941526e+00 -8.584200e+00 -2.273496e+01 7.672240e+01
<VARIANCE> 13
 2.999860e+00 4.399610e+01 3.241561e+01 1.491250e+01 2.949043e+01 6.741714e+01 2.147978e+01 2.069519e+01 2.133699e+01 1.880619e+01 1.928368e+01 4.687550e+01 4.043661e+01
<GCONST> 6.514901e+01
~s "ST_t_2_1"
<MEAN> 13
 -7.487209e+00 -3.972908e+00 4.728007e-01 1.483693e-01 -9.517235e-01 2.137105e+00 -4.078907e+00 -3.414946e+00 3.146255e+00 -3.129671e+00 -2.720869e-01 -1.887309e+00 5.322901e+01
<VARIANCE> 13
 2.573037e+01 9.886875e+01 2.659673e+01 3.963959e+01 4.356417e+01 8.366841e+01 7.892271e+01 4.623053e+01 4.359370e+01 3.080835e+01 2.158457e+01 2.650615e+01 1.243776e+02
<GCONST> 7.347307e+01
~s "ST_t_2_2"
<MEAN> 13
 -2.901686e+00 -2.616764e+00 -8.764158e+00 -3.788735e+00 3.616064e+00 -4.464062e+00 -1.824971e+00 2.514597e+00 9.170950e+00 2.224167e+00 -7.452789e+00 -7.117775e+00 5.546342e+01
<VARIANCE> 13
 6.475822e+00 1.418317e+01 1.515667e+01 1.261633e+01 2.303374e+01 3.080929e+01 3.971382e+01 1.870716e+01 2.363129e+01 2.258704e+01 2.626727e+01 3.252454e+01 1.068090e+01
<GCONST> 6.224007e+01
~s "ST_t_3_1"
<MEAN> 13
 -6.686535e+00 -1.554876e+00 -8.136279e+00 2.863724e-01 8.101256e-01 -6.233513e+00 -7.764894e+00 -1.273295e-01 2.054179e+00 4.742659e-01 -5.952654e+00 -2.618608e+00 4.762113e+01
<VARIANCE> 13
 1.891642e+01 3.444053e+01 4.938886e+01 3.629460e+01 4.776353e+01 4.572059e+01 1.170998e+02 3.403519e+01 5.155551e+01 3.480139e+01 7.619891e+01 2.312684e+01 7.593834e+01
<GCONST> 7.313887e+01
~s "ST_t_3_2"
<MEAN> 13
 4.392626e+00 -4.346763e+00 -4.827910e+00 -1.759550e+01 -1.398889e+01 -2.166757e+00 -1.710525e+01 -8.559692e+00 -6.878286e+00 5.105606e-01 1.958892e+00 -1.070605e+01 7.230177e+01
<VARIANCE> 13
 1.730414e+00 1.475626e+01 1.310357e+01 1.668436e+01 4.011713e+01 1.054526e+01 2.038587e+01 1.625870e+01 1.374470e+01 2.553511e+01 1.111422e+01 2.647258e+01 4.614915e+00
<GCONST> 5.744507e+01
~s "ST_t_4_1"
<MEAN> 13
 -7.660874e+00 -3.690892e+00 -8.959022e+00 -2.218459e+00 1.257498e-01 -2.487652e+00 -2.077581e+00 -1.053756e+00 4.549766e+00 2.189363e+00 -5.623198e-01 -3.026335e+00 5.148661e+01
<VARIANCE> 13
 2.199752e+01 6.487035e+01 1.739447e+02 7.787827e+01 7.741484e+01 1.049586e+02 8.074649e+01 7.376105e+01 1.037912e+02 6.990591e+01 6.890359e+01 4.246273e+01 1.438277e+02
<GCONST> 8.020398e+01
~s "ST_t_4_2"
<MEAN> 13
 3.739742e+00 6.604261e-01 5.350712e-01 -2.949937e+01 3.206081e+00 2.280340e+00 -1.032223e+01 -7.841034e+00 -7.796815e+00 2.176004e+00 -6.005179e+00 3.656412e+00 6.649066e+01
<VARIANCE> 13
 4.614085e+00 3.253064e+01 1.461292e+01 5.083379e+01 3.780666e+01 3.281137e+01 4.826255e+01 3.325680e+01 2.279652e+01 5.326286e+01 5.619390e+01 8.366909e+01 4.328721e+01
<GCONST> 6.934373e+01
~s "ST_sil_2_1"
<MEAN> 13
 -1.702605e+01 6.660785e+00 -2.735470e+00 1.048190e+01 4.089936e-01 6.846478e+00 2.754161e-01 2.975832e+00 2.024889e+00 -1.284649e+00 6.959214e-01 -1.661474e+00 3.270986e+01
<VARIANCE> 13
 4.140450e+01 6.749841e+01 4.579197e+01 5.969307e+01 3.981188e+01 7.576814e+01 4.864020e+01 6.440678e+01 5.825454e+01 4.646386e+01 3.610667e+01 3.400452e+01 1.519789e+02
<GCONST> 7.584295e+01
~s "silst"
<MEAN> 13
 -8.336916e+00 1.758460e+00 -5.778412e-01 9.599363e-01 2.745394e+00 6.514310e-01 2.822936e+00 7.033758e-01 3.062942e+00 -9.798614e-01 9.536777e-01 -1.323340e+00 5.282092e+01
<VARIANCE> 13
 3.912132e+00 5.146600e+00 3.693563e+00 6.822199e+00 7.042119e+00 9.111614e+00 8.917205e+00 8.656366e+00 8.453295e+00 7.676543e+00 7.636683e+00 7.072527e+00 3.465925e+00
<GCONST> 4.803421e+01
~s "ST_sil_3_1"
<MEAN> 13
 -7.042430e+00 2.132168e+00 -5.350201e-01 1.425413e+00 2.958787e+00 1.057194e+00 2.838606e+00 5.909309e-01 2.721157e+00 -5.531952e-01 1.326783e+00 -1.157288e+00 5.279351e+01
<VARIANCE> 13
 3.095804e+00 4.162591e+00 4.981333e+00 1.074820e+01 1.046699e+01 1.061976e+01 1.251229e+01 1.096601e+01 9.516899e+00 8.828590e+00 9.920400e+00 9.567157e+00 3.465925e+00
<GCONST> 5.028845e+01
~s "ST_sil_4_1"
<MEAN> 13
 -2.540741e+01 3.127436e+00 -9.386762e+00 4.818839e+00 -6.824771e+00 5.710730e+00 -2.714127e+00 1.819673e+00 1.733485e+00 -5.828841e-01 1.493978e+00 -3.954844e-01 2.300455e+01
<VARIANCE> 13
 1.230972e+01 2.272520e+00 5.530339e+00 5.365284e+00 9.539818e+00 9.032710e+00 9.412944e+00 9.362973e+00 9.984962e+00 8.938065e+00 8.969726e+00 8.034227e+00 2.930041e+01
<GCONST> 5.169562e+01
~s "ST_iy_2_1"
<MEAN> 13
 5.971829e-01 -7.895469e+00 2.245521e+01 -8.962325e+00 -1.000339e+01 -1.315407e+01 -2.709645e+00 -1.992967e+00 -1.659389e+01 6.809757e+00 -8.447778e+00 1.150226e+00 6.579184e+01
<VARIANCE> 13
 5.671453e+00 1.630806e+01 6.484417e+01 3.786868e+01 3.158844e+01 2.548963e+01 3.237259e+01 2.548387e+01 3.558678e+01 1.982292e+01 4.570042e+01 3.815533e+01 9.633397e+00
<GCONST> 6.591987e+01
~s "ST_j_2_1"
<MEAN> 13
 -6.770586e+00 1.926355e+01 3.034357e+01 -8.859233e+00 -2.393789e+00 -3.430622e+00 -1.213930e+01 -3.990307e+00 -1.797991e+01 2.745883e+00 -1.339306e+00 -6.490160e+00 4.857740e+01
<VARIANCE> 13
 3.124940e+00 5.824503e+01 1.172425e+02 1.540471e+02 2.398695e+01 2.797723e+01 4.022009e+01 1.903864e+01 5.060379e+01 3.991058e+01 1.428241e+01 8.784698e+00 7.461383e+01
<GCONST> 6.880274e+01
~s "ST_iy_3_1"
<MEAN> 13
 -2.092207e+00 -4.284158e+00 1.288938e+01 1.557608e+00 -2.305270e+01 -1.299981e+01 -1.130326e+01 -3.580779e+00 -1.330313e+01 -5.497616e-01 8.591508e+00 -1.391390e+01 6.982829e+01
<VARIANCE> 13
 2.596403e+00 8.847108e+00 2.459142e+01 1.773625e+01 2.615202e+01 1.724475e+01 2.481633e+01 2.342976e+01 1.137111e+01 1.651395e+01 4.041663e+01 3.577355e+01 9.381766e+00
<GCONST> 6.033208e+01
~s "ST_j_3_1"
<MEAN> 13
 -1.084305e+00 -3.812073e+00 1.421952e+01 9.245202e+00 -1.741235e+01 -1.047154e+01 -1.296745e+01 -6.914450e+00 -8.350724e+00 -4.358448e+00 3.246319e+00 -7.372285e+00 6.284672e+01
<VARIANCE> 13
 4.613411e+01 2.089175e+01 2.149126e+02 6.474991e+01 4.134447e+01 8.781574e+01 1.797630e+02 5.189865e+01 2.853351e+01 3.370509e+01 4.311083e+01 6.416395e+01 9.927250e+01
<GCONST> 7.703399e+01
~s "ST_iy_4_1"
<MEAN> 13
 -3.705903e+00 3.002649e+00 1.429111e+01 -3.552360e+00 -1.152787e+01 -1.152577e+01 -3.141847e+00 -4.558183e+00 -1.231400e+01 2.842605e+00 -5.780224e+00 1.034432e+00 5.608205e+01
<VARIANCE> 13
 2.901122e+01 5.353731e+01 1.269223e+02 8.948049e+01 6.119663e+01 5.587199e+01 7.788520e+01 4.434618e+01 5.577621e+01 3.110723e+01 5.797009e+01 4.493804e+01 1.128889e+02
<GCONST> 7.691288e+01
~s "ST_j_4_1"
<MEAN> 13
 9.452774e+00 1.602237e+01 -4.773212e+00 4.503671e+00 -4.679682e+00 9.109735e+00 -1.039866e+01 -1.615474e+01 -1.237770e+01 -5.018235e+00 -1.439567e+00 -2.004599e+00 4.678260e+01
<VARIANCE> 13
 2.472583e+01 7.443263e+01 3.871268e+01 3.058791e+01 1.445417e+01 2.668445e+01 2.088823e+01 1.963407e+01 2.037959e+01 2.671688e+01 2.312415e+01 2.966326e+01 5.734787e+01
<GCONST> 6.733817e+01
~s "ST_w_2_1"
<MEAN> 13
 -2.351208e+01 -2.976716e+00 -2.257424e+00 -6.596020e+00 2.215734e+01 -1.066844e+01 1.374918e+00 2.688303e+00 7.358245e+00 -6.163227e+00 6.613188e-01 -7.269047e+00 6.176445e+01
<VARIANCE> 13
 6.169267e+01 4.086974e+01 5.628650e+01 4.420874e+01 4.213273e+01 2.120072e+01 5.565841e+01 2.147692e+01 2.799336e+01 1.260298e+01 1.637722e+01 1.558626e+01 1.202763e+01
<GCONST> 6.732079e+01
~s "ST_w_3_1"
<MEAN> 13
 -1.821622e+01 2.739186e+00 -1.443219e+00 5.615989e+00 5.602847e+00 -2.154243e+00 -4.066193e+00 3.313301e+00 7.364144e+00 1.450867e+00 1.755533e+00 -4.188635e+00 6.453943e+01
<VARIANCE> 13
 7.631291e+01 4.566231e+00 2.543911e+01 2.128814e+01 1.355122e+01 2.939273e+01 1.225618e+01 1.209280e+01 1.317028e+01 1.060621e+01 3.684656e+01 9.804790e+00 4.402718e+00
<GCONST> 5.933749e+01
~s "ST_w_4_1"
<MEAN> 13
 4.224433e+00 -2.350283e+00 6.741808e-01 -1.216591e+00 -5.241617e+00 -5.235496e+00 -1.680759e+01 -6.337820e+00 -6.656798e+00 5.228578e+00 5.036984e+00 -7.148716e+00 6.873253e+01
<VARIANCE> 13
 5.834182e+00 8.807858e+00 3.507758e+01 7.473813e+00 1.442890e+01 3.457435e+01 4.832657e+01 2.959487e+01 4.761783e+01 1.185852e+01 6.304325e+01 5.348140e+01 7.847258e+00
<GCONST> 6.339825e+01
~s "ST_ng_2_1"
<MEAN> 13
 6.174762e+00 5.616710e+00 -1.064411e+01 2.573661e+00 9.615182e+00 5.728796e+00 -3.248752e+00 -7.124946e+00 5.504250e+00 -1.166773e+01 -9.505261e+00 2.681251e+00 5.258282e+01
<VARIANCE> 13
 1.563381e+01 5.198373e+01 4.576295e+01 3.999388e+01 6.105186e+01 5.488363e+01 4.517389e+01 3.883316e+01 5.895432e+01 5.961612e+01 2.435213e+01 3.689784e+01 5.699040e+01
<GCONST> 7.270006e+01
~s "ST_ng_3_1"
<MEAN> 13
 -5.627221e+00 1.572635e+01 -4.093360e-01 1.252680e+01 4.730523e+00 1.181854e+01 -4.397285e+00 -3.275518e+00 -2.786837e+00 -5.000884e+00 -1.327039e+00 -1.633821e+00 3.640928e+01
<VARIANCE> 13
 5.730935e+01 4.198283e+01 2.679902e+01 5.439783e+01 4.536814e+01 6.474648e+01 2.800630e+01 2.671025e+01 3.062367e+01 2.398843e+01 2.172833e+01 1.298157e+01 1.028094e+02
<GCONST> 7.043995e+01
~s "ST_m_2_1"
<MEAN> 13
 3.101677e+00 7.535171e-01 -4.164059e-01 1.482128e+00 3.205286e+00 -5.282506e+00 -3.981985e+00 -1.100229e+01 -9.503895e+00 -2.458882e-01 -5.723125e+00 -5.334766e+00 6.027476e+01
<VARIANCE> 13
 4.740726e+00 2.812133e+01 1.794190e+01 2.328433e+01 5.686465e+01 4.067781e+01 2.267093e+01 3.480283e+01 3.514791e+01 1.750881e+01 3.551749e+01 4.027195e+01 1.711431e+01
<GCONST> 6.576505e+01
~s "ST_ng_4_1"
<MEAN> 13
 -1.752759e+01 4.194282e+00 -9.445558e+00 1.924383e+00 -1.109859e+01 5.712305e-01 -2.685778e+00 2.235409e+00 -2.461604e+00 -5.273339e+00 -1.504546e-01 -1.553250e+00 3.003297e+01
<VARIANCE> 13
 7.151881e+01 2.046107e+01 7.080949e+01 1.044338e+02 7.496433e+01 1.112249e+02 1.211447e+02 1.208082e+02 5.876797e+01 2.981277e+01 5.501781e+01 2.316663e+01 1.280452e+02
<GCONST> 7.818049e+01
~s "ST_m_3_1"
<MEAN> 13
 4.567988e+00 4.941193e+00 -8.404431e-01 9.993932e-01 1.399185e+01 1.398001e+00 -7.924428e+00 -1.701469e+01 -1.150014e+01 1.124623e+00 -1.106323e+01 4.642518e+00 5.555759e+01
<VARIANCE> 13
 1.318936e+01 3.895736e+01 3.702373e+01 5.668045e+01 9.872869e+01 6.101554e+01 5.664480e+01 5.166652e+01 4.533353e+01 4.143168e+01 6.715529e+01 6.600140e+01 2.910946e+01
<GCONST> 7.377422e+01
~s "ST_m_4_1"
<MEAN> 13
 -5.977683e+00 1.881968e+01 5.186168e+00 1.970543e+01 7.968693e+00 1.125380e+01 -6.875863e+00 -5.369806e+00 -1.719905e+00 -2.468325e+00 -2.239810e+00 -8.836954e-01 3.473803e+01
<VARIANCE> 13
 4.348552e+01 2.620645e+01 1.274873e+01 2.860280e+01 2.504131e+01 3.603534e+01 5.788759e+01 5.188047e+01 2.624590e+01 3.729916e+01 2.245011e+01 2.315352e+01 5.410600e+01
<GCONST> 6.877311e+01
~s "ST_m_4_2"
<MEAN> 13
 4.273770e+00 7.050036e+00 -6.171682e+00 4.249823e-01 8.790282e+00 5.548723e-01 -1.096554e+01 -7.561887e+00 -9.847303e+00 -3.754972e+00 -5.123938e+00 -3.764553e+00 5.164267e+01
<VARIANCE> 13
 6.536279e+01 8.811745e+01 1.056142e+02 9.271812e+01 1.666931e+02 9.979449e+01 7.914115e+01 1.130300e+02 1.177231e+02 3.058893e+01 6.752592e+01 6.324203e+01 1.016232e+02
<GCONST> 8.172825e+01
~s "ST_ah_2_1"
<MEAN> 13
 4.770944e+00 -9.308229e+00 -8.238344e+00 -1.172745e+01 7.244774e+00 -5.796364e+00 -1.999503e+00 -2.544004e+00 2.316912e+00 4.307481e+00 -1.191780e+01 -4.389475e+00 6.803880e+01
<VARIANCE> 13
 1.258610e+01 3.294259e+01 4.216663e+01 8.783686e+01 1.150751e+02 6.957793e+01 6.913885e+01 4.156581e+01 5.543790e+01 6.962261e+01 6.034604e+01 6.030823e+01 2.118272e+01
<GCONST> 7.459940e+01
~s "ST_ah_2_2"
<MEAN> 13
 2.281706e+00 -1.145570e+01 1.197130e+00 5.508956e-01 -1.067492e+01 -1.309716e+01 -3.817440e+00 5.958302e+00 -4.469155e+00 4.619014e+00 -7.905043e+00 -3.853982e+00 7.261641e+01
<VARIANCE> 13
 4.556068e+00 3.172017e+01 9.820690e+01 1.981787e+01 8.231786e+01 5.354136e+01 3.293714e+01 2.945571e+01 3.068915e+01 1.387789e+01 8.318201e+01 2.953033e+01 7.407354e+00
<GCONST> 6.757114e+01
~s "ST_ah_2_3"
<MEAN> 13
 -1.726639e+00 -9.437201e+00 -7.332398e+00 2.925447e+00 6.911824e+00 -3.608847e+00 -3.693305e+00 -1.696696e+00 -3.192244e-01 -5.026965e+00 -1.298692e+01 -5.294033e+00 7.159643e+01
<VARIANCE> 13
 9.398579e+00 7.546788e+00 2.928411e+01 4.810669e+01 2.056412e+01 3.258743e+01 2.496916e+01 1.799188e+01 1.268719e+01 2.118784e+01 1.521629e+01 2.339245e+01 3.465925e+00
<GCONST> 6.073137e+01
~s "ST_ah_2_4"
<MEAN> 13
 2.285489e+00 -1.216200e+01 -9.383590e+00 -1.070570e+01 1.614464e+01 -1.921990e+01 1.383243e+01 -7.729055e+00 -2.079704e+00 8.332009e+00 -7.804995e+00 -1.238013e+01 7.104758e+01
<VARIANCE> 13
 3.439539e+00 1.040637e+01 1.624024e+01 3.918992e+01 5.498131e+01 4.942693e+01 6.630186e+01 3.709688e+01 2.847848e+01 3.965125e+01 4.249500e+01 2.030522e+01 7.147639e+00
<GCONST> 6.539763e+01
~s "ST_ah_3_1"
<MEAN> 13
 2.870681e+00 -1.755877e+01 -1.557363e+01 -5.176358e+00 -3.626521e+00 -6.168746e+00 -5.383585e+00 3.320813e+00 -3.107724e+00 5.388962e+00 -1.433819e+01 -1.482856e+01 7.657234e+01
<VARIANCE> 13
 3.283203e+00 1.371326e+01 1.491068e+01 1.676155e+01 4.216058e+01 2.354846e+01 2.959299e+01 2.354179e+01 4.099075e+01 1.940537e+01 1.814607e+01 4.668827e+01 1.028683e+01
<GCONST> 6.241932e+01
~s "ST_ah_3_2"
<MEAN> 13
 3.627471e+00 -1.512432e+01 -1.435616e+01 -6.332146e+00 -1.671436e+00 -1.735146e+00 -1.903395e+00 -1.017748e+00 -4.428546e+00 7.516564e+00 -7.797879e+00 -1.616620e+01 7.406402e+01
<VARIANCE> 13
 3.337210e+00 1.499647e+01 1.454395e+01 3.004259e+01 6.540451e+01 3.133682e+01 5.717343e+01 2.092308e+01 2.466009e+01 1.924954e+01 2.552211e+01 4.105712e+01 1.093138e+01
<GCONST> 6.410629e+01
~s "ST_ah_3_3"
<MEAN> 13
 2.675525e+00 -1.694713e+01 -1.371341e+01 -1.198401e+01 -7.141370e+00 2.052242e+00 -1.501302e+01 1.982121e+00 -1.702690e-01 7.063437e+00 -6.831355e+00 -2.276094e+01 7.749606e+01
<VARIANCE> 13
 2.830627e+00 6.003723e+00 1.032631e+01 2.381443e+01 2.056408e+01 1.653598e+01 1.733967e+01 9.446450e+00 2.440631e+01 1.670601e+01 2.135507e+01 2.725222e+01 7.372168e+00
<GCONST> 5.753273e+01
~s "ST_ah_3_4"
<MEAN> 13
 3.420968e+00 -1.853669e+01 -1.244651e+01 -6.902218e+00 -1.534380e+00 -1.565206e+00 -3.765893e+00 1.594476e+00 -4.021433e+00 7.464618e+00 -1.584230e+01 -1.281915e+01 7.603275e+01
<VARIANCE> 13
 3.766859e+00 8.339452e+00 1.538817e+01 2.739048e+01 3.548115e+01 1.675021e+01 1.829392e+01 2.566164e+01 2.087196e+01 1.600192e+01 2.416138e+01 2.236370e+01 7.850276e+00
<GCONST> 6.008627e+01
~s "ST_ah_3_5"
<MEAN> 13
 3.221681e+00 -1.621500e+01 -1.443075e+01 -9.018682e-01 -4.233419e+00 -1.443525e+00 -7.426183e+00 3.746775e+00 1.207916e+00 -2.601466e+00 -1.424002e+01 -8.955832e+00 7.566902e+01
<VARIANCE> 13
 2.551405e+00 6.350117e+00 5.078957e+01 2.333289e+01 2.985028e+01 3.317461e+01 2.602595e+01 2.083647e+01 1.229895e+01 1.472663e+01 1.854691e+01 4.588095e+01 6.645168e+00
<GCONST> 6.078827e+01
~s "ST_ah_3_6"
<MEAN> 13
 3.471326e+00 -1.054100e+01 -4.079631e+00 -8.549377e+00 3.076988e+00 -8.543908e+00 -2.032940e+00 -1.087462e+00 2.258876e+00 1.834619e+00 -1.383380e+01 -4.605603e+00 6.883739e+01
<VARIANCE> 13
 8.870652e+00 6.429284e+01 3.141630e+01 7.002745e+01 8.009670e+01 5.461003e+01 4.469961e+01 3.631183e+01 3.355467e+01 3.613784e+01 4.607653e+01 4.878084e+01 3.405837e+01
<GCONST> 7.205661e+01
~s "ST_ah_3_7"
<MEAN> 13
 3.862982e+00 -1.605159e+01 -1.137365e+01 -4.618356e+00 -7.508813e-01 -3.609844e+00 -6.220375e+00 3.086527e+00 -1.101632e+00 5.455805e+00 -1.419463e+01 -1.290520e+01 7.327097e+01
<VARIANCE> 13
 3.696056e+00 1.258446e+01 1.021514e+01 1.822308e+01 9.039829e+01 1.934431e+01 2.319303e+01 2.506169e+01 2.799081e+01 3.037816e+01 2.058550e+01 4.497278e+01 1.050946e+01
<GCONST> 6.271903e+01
~s "ST_ah_4_1"
<MEAN> 13
 1.735703e+00 -1.062237e+01 -6.751407e+00 -1.338094e+01 8.004252e+00 -6.341366e+00 -1.089830e+00 -2.237637e+00 3.280410e+00 8.317769e+00 -1.318659e+01 -6.237228e+00 6.522022e+01
<VARIANCE> 13
 1.534881e+01 2.181020e+01 3.175122e+01 8.383293e+01 6.299463e+01 5.350595e+01 4.362121e+01 4.117285e+01 4.010119e+01 3.706832e+01 5.073687e+01 3.653738e+01 5.945184e+01
<GCONST> 7.212306e+01
~s "ST_ah_4_2"
<MEAN> 13
 4.237082e+00 -1.047267e+01 -5.833335e+00 -1.042744e+01 1.012974e+01 -5.376478e+00 3.914397e+00 -7.980241e+00 3.912539e+00 3.049906e+00 -1.195432e+01 -3.904084e+00 6.668694e+01
<VARIANCE> 13
 5.797267e+00 4.554681e+01 1.302690e+01 3.880128e+01 6.139160e+01 3.837873e+01 3.379533e+01 2.664985e+01 5.084483e+01 5.602856e+01 4.421695e+01 3.751984e+01 2.096001e+01
<GCONST> 6.867312e+01
~s "ST_ah_4_3"
<MEAN> 13
 1.327326e+00 -3.832772e+00 2.532181e+00 -3.754679e+00 7.737758e+00 -1.847361e+01 -5.925446e-01 3.824016e+00 1.842002e+00 4.213471e-01 -1.704918e+01 2.603694e+00 6.121426e+01
<VARIANCE> 13
 2.583205e+00 4.334131e+01 1.435424e+01 1.144787e+02 2.867649e+01 6.325750e+01 3.810889e+01 2.698644e+01 3.252000e+01 3.635501e+01 1.315601e+01 6.890454e+01 3.437291e+01
<GCONST> 6.787611e+01
~s "ST_ah_4_4"
<MEAN> 13
 2.389183e+00 -1.528775e+01 -5.101088e+00 -1.632481e+01 1.248969e+01 -1.136645e+01 2.767180e+00 -4.441967e+00 6.952208e+00 3.574602e+00 -1.685686e+01 -1.367315e+00 7.253105e+01
<VARIANCE> 13
 3.182036e+00 1.441731e+01 1.554694e+01 4.287704e+01 8.077433e+01 2.878685e+01 6.610866e+01 5.284379e+01 4.166822e+01 4.104340e+01 2.585069e+01 5.296528e+01 1.346868e+01
<GCONST> 6.739748e+01
~s "ST_ah_4_5"
<MEAN> 13
 2.231535e+00 -1.377633e+01 -3.113690e+00 -1.170688e+01 1.453077e+01 -1.354391e+01 4.545635e+00 3.924811e-01 6.418230e+00 -1.899843e+00 -2.017755e+01 2.398672e+00 6.973366e+01
<VARIANCE> 13
 3.972487e+00 1.201921e+01 9.956369e+00 2.724835e+01 6.327435e+01 1.512709e+01 2.993480e+01 3.535049e+01 2.724110e+01 3.968927e+01 2.803442e+01 5.623704e+01 8.627095e+00
<GCONST> 6.369353e+01
~s "ST_ah_4_6"
<MEAN> 13
 3.503565e+00 -1.039001e+01 -5.288024e+00 -8.007705e+00 1.397112e+01 -8.038736e+00 -5.844602e-01 8.688352e-01 9.646260e+00 -5.505625e+00 -1.638192e+01 -3.558628e-01 6.712666e+01
<VARIANCE> 13
 7.884177e+00 1.583930e+01 4.376009e+01 3.710590e+01 1.855025e+02 3.798191e+01 6.925554e+01 5.752868e+01 4.318208e+01 7.599387e+01 4.774611e+01 8.627612e+01 1.258240e+01
<GCONST> 7.221436e+01
~s "ST_eh_2_1"
<MEAN> 13
 2.125909e+00 -1.400220e+01 9.157230e-01 -1.221768e+00 -1.903703e+01 -1.664642e+01 -1.469082e+01 9.834512e+00 -1.788957e+00 1.782347e+00 1.092048e+00 -1.228901e+01 7.243310e+01
<VARIANCE> 13
 1.420587e+00 4.106995e+00 3.348465e+01 1.284586e+01 3.571241e+01 1.808725e+01 1.929313e+01 1.194586e+01 1.775343e+01 7.282742e+00 3.605167e+01 6.088514e+01 3.502189e+00
<GCONST> 5.744053e+01
~s "ST_eh_3_1"
<MEAN> 13
 3.013951e+00 -1.096815e+01 8.248224e+00 -1.176546e+01 -7.370903e-01 -1.623859e+01 -1.343623e+01 2.009411e+00 -3.774024e+00 4.954792e+00 -3.758862e+00 -3.076055e+00 6.990479e+01
<VARIANCE> 13
 1.420587e+00 5.289726e+00 2.592621e+01 7.269812e+00 1.980086e+01 9.801273e+01 9.628500e+01 1.752372e+02 4.305667e+01 5.108478e+00 3.275443e+01 1.250444e+02 3.465925e+00
<GCONST> 6.340661e+01
~s "ST_eh_4_1"
<MEAN> 13
 4.478395e+00 -2.715603e+00 2.098309e+00 -1.225213e+01 1.094788e+01 -1.434207e+01 -1.352009e+01 -3.506468e+00 -6.545185e+00 1.413153e+01 -1.177602e+01 -3.528478e-01 6.379250e+01
<VARIANCE> 13
 4.272154e+00 3.784491e+01 1.459935e+01 2.231907e+01 8.075401e+01 8.382642e+01 1.324272e+01 8.649650e+01 1.368010e+01 2.288114e+01 5.842327e+01 2.580133e+01 2.116129e+01
<GCONST> 6.674472e+01
~s "ST_p_2_1"
<MEAN> 13
 -1.131960e+01 4.425161e+00 -7.854969e+00 2.658257e+00 -3.113717e+00 1.374179e+00 -7.523304e+00 -1.230245e+00 -1.663520e+00 -9.120971e-01 -1.463494e+00 -4.137069e+00 3.700360e+01
<VARIANCE> 13
 7.090076e+01 3.533641e+01 4.135614e+01 3.993935e+01 5.008360e+01 3.697580e+01 5.797718e+01 6.811305e+01 5.212769e+01 3.694347e+01 5.589089e+01 2.898531e+01 1.076071e+02
<GCONST> 7.456512e+01
~s "ST_p_3_1"
<MEAN> 13
 -4.966449e+00 6.719224e-01 -5.197990e+00 2.194067e-01 3.892550e-01 -1.059710e+00 3.663190e-01 6.382780e-01 3.868923e+00 9.909625e-01 -7.700066e-01 -3.482436e+00 5.284835e+01
<VARIANCE> 13
 1.436312e+01 1.457489e+01 3.062340e+01 2.682337e+01 2.614024e+01 2.641701e+01 2.790227e+01 2.175013e+01 2.792717e+01 1.833792e+01 1.686417e+01 1.992753e+01 3.259799e+01
<GCONST> 6.443333e+01
~s "ST_p_4_1"
<MEAN> 13
 4.228402e+00 -4.868523e+00 -8.696335e+00 -1.606719e+00 -3.162701e-01 -5.357335e+00 -5.775328e-01 -2.495783e+00 2.599416e+00 4.510449e+00 -1.451973e+00 -3.812746e+00 6.230602e+01
<VARIANCE> 13
 2.399634e+01 2.021143e+01 3.524846e+01 7.773831e+01 6.607199e+01 7.381337e+01 6.817358e+01 4.670041e+01 4.782050e+01 3.600570e+01 3.315395e+01 3.528084e+01 3.373728e+01
<GCONST> 7.258466e+01
~s "ST_ax_2_1"
<MEAN> 13
 3.362786e+00 -6.875746e+00 3.401156e+00 -6.064133e+00 3.261125e-01 -1.088783e+01 -7.572613e+00 1.281367e+00 -4.616467e+00 5.549327e+00 -6.369187e+00 -2.891355e+00 6.578452e+01
<VARIANCE> 13
 7.081979e+00 5.342208e+01 1.528737e+02 4.604281e+01 1.266027e+02 9.957412e+01 3.942219e+01 1.057968e+02 1.366543e+02 6.389091e+01 5.174186e+01 5.263103e+01 5.518464e+01
<GCONST> 7.746004e+01
~s "ST_ih_2_1"
<MEAN> 13
 4.919453e+00 7.686233e+00 8.457924e+00 -7.307926e+00 -9.070729e+00 2.097208e+00 1.804204e+00 -9.147519e+00 -1.692094e+01 1.286823e+00 -6.265934e+00 -5.715531e-01 5.619267e+01
<VARIANCE> 13
 5.758490e+01 1.373877e+02 2.367162e+02 1.209611e+02 4.520399e+01 1.452532e+02 7.588584e+01 5.125035e+01 3.784916e+01 9.449474e+01 5.803170e+01 4.465305e+01 8.585215e+01
<GCONST> 8.068111e+01
~s "ST_ax_3_1"
<MEAN> 13
 4.559657e+00 -7.353896e+00 -5.417622e+00 -7.711564e+00 2.326138e+00 -1.098918e+01 -1.120821e+01 -1.329165e+00 -4.341493e-01 9.977391e+00 -9.669277e+00 -5.211535e+00 6.881730e+01
<VARIANCE> 13
 3.954148e+00 5.452753e+01 6.406691e+01 5.285382e+01 1.704403e+02 1.150003e+02 4.147766e+01 1.402836e+02 8.079729e+01 4.722657e+01 5.586155e+01 1.204658e+02 4.521375e+01
<GCONST> 7.681801e+01
~s "ST_ih_3_1"
<MEAN> 13
 -2.406265e+00 -2.080324e+00 1.326016e+01 1.960818e-01 -1.916367e+01 -1.118962e+01 -9.877288e+00 -3.834650e+00 -1.200907e+01 -6.841481e-01 7.774769e+00 -1.304998e+01 6.706120e+01
<VARIANCE> 13
 9.180155e+00 2.043935e+01 3.805275e+01 3.965707e+01 4.532652e+01 3.526883e+01 6.213300e+01 3.812690e+01 2.150070e+01 2.443464e+01 5.038205e+01 4.241243e+01 3.674183e+01
<GCONST> 6.912832e+01
~s "ST_ax_4_1"
<MEAN> 13
 3.317208e+00 -3.213432e+00 -2.606949e+00 -5.051931e+00 4.167259e+00 -1.055194e+01 -9.729342e+00 -4.827390e+00 4.359449e-01 5.903665e+00 -8.969954e+00 -3.532296e+00 6.586288e+01
<VARIANCE> 13
 5.306180e+00 3.928339e+01 6.500407e+01 5.285057e+01 1.657850e+02 1.151324e+02 3.727445e+01 1.167579e+02 9.228001e+01 3.118371e+01 6.161134e+01 1.056548e+02 3.242835e+01
<GCONST> 7.583396e+01
~s "ST_ih_4_1"
<MEAN> 13
 -8.255637e+00 5.571254e+00 8.079861e+00 -6.574934e-01 8.833043e-02 -5.216537e+00 4.383471e+00 1.144261e+00 -4.707881e+00 4.453602e+00 -2.623041e+00 1.170935e-01 5.058972e+01
<VARIANCE> 13
 8.986583e+01 9.002616e+01 9.076041e+01 1.295048e+02 8.512638e+01 1.539494e+02 1.765145e+02 1.368557e+02 6.799056e+01 7.999563e+01 4.560188e+01 6.714987e+01 2.985464e+02
<GCONST> 8.416299e+01
~h "t+ah"
<BEGINHMM>
<NUMSTATES> 5
<STATE> 2
~s "ST_t_2_1"
<STATE> 3
~s "ST_t_3_1"
<STATE> 4
~s "ST_t_4_1"
~t "T_t"
<ENDHMM>
~h "d-eh+l"
<BEGINHMM>
<NUMSTATES> 5
<STATE> 2
~s "ST_eh_2_1"
<STATE> 3
~s "ST_eh_3_1"
<STATE> 4
~s "ST_eh_4_1"
~t "T_eh"
<ENDHMM>
~h "t-uw"
<BEGINHMM>
<NUMSTATES> 5
<STATE> 2
~s "ST_uw_2_1"
<STATE> 3
~s "ST_uw_3_1"
<STATE> 4
~s "ST_uw_4_1"
~t "T_uw"
<ENDHMM>
~h "sp"
<BEGINHMM>
<NUMSTATES> 5
<STATE> 2
~s "ST_sil_3_1"
<STATE> 3
<MEAN> 13
 -4.684578e+00 2.755555e+00 -2.658249e+00 2.533189e+00 7.398947e-01 -3.460345e+00 -2.879007e+00 -3.770390e-01 3.113820e-01 -1.145680e+00 -4.584291e+00 -3.027943e+00 5.135806e+01
<VARIANCE> 13
 6.282751e+01 7.492501e+01 8.359614e+01 1.337610e+02 6.340791e+01 1.015637e+02 5.845093e+01 5.965961e+01 5.596783e+01 4.131431e+01 6.538340e+01 4.672967e+01 1.807727e+02
<GCONST> 7.956632e+01
<STATE> 4
<MEAN> 13
 -8.300927e+00 2.880065e+00 -3.842323e+00 2.967475e+00 1.987528e-01 -2.554406e+00 -3.149105e+00 2.207192e-02 4.615062e-02 -1.218327e+00 -3.108064e+00 -2.464591e+00 4.735930e+01
<VARIANCE> 13
 1.001055e+02 7.117721e+01 7.437849e+01 1.138519e+02 7.033887e+01 8.936552e+01 7.364159e+01 6.741679e+01 5.876782e+01 3.753301e+01 5.427428e+01 3.924392e+01 2.470667e+02
<GCONST> 7.993635e+01
<TRANSP> 5
 0.000000e+00 1.136109e-01 8.863891e-01 0.000000e+00 0.000000e+00
 0.000000e+00 9.002085e-01 9.979153e-02 0.000000e+00 0.000000e+00
 0.000000e+00 0.000000e+00 4.039053e-02 9.596095e-01 0.000000e+00
 0.000000e+00 0.000000e+00 0.000000e+00 2.264136e-01 7.735864e-01
 0.000000e+00 0.000000e+00 0.000000e+00 0.000000e+00 0.000000e+00
<ENDHMM>
~h "uh-k+s"
<BEGINHMM>
<NUMSTATES> 5
<STATE> 2
~s "ST_k_2_1"
<STATE> 3
~s "ST_k_3_1"
<STATE> 4
~s "ST_k_4_2"
~t "T_k"
<ENDHMM>
~h "l-uh+k"
<BEGINHMM>
<NUMSTATES> 5
<STATE> 2
~s "ST_uh_2_1"
<STATE> 3
~s "ST_uh_3_1"
<STATE> 4
~s "ST_uh_4_2"
~t "T_uh"
<ENDHMM>
~h "ax+m"
<BEGINHMM>
<NUMSTATES> 5
<STATE> 2
~s "ST_ax_2_1"
<STATE> 3
~s "ST_ax_3_1"
<STATE> 4
~s "ST_ax_4_1"
~t "T_ax"
<ENDHMM>
~h "uh-n+t"
<BEGINHMM>
<NUMSTATES> 5
<STATE> 2
~s "ST_n_2_1"
<STATE> 3
~s "ST_n_3_2"
<STATE> 4
~s "ST_n_4_2"
~t "T_n"
<ENDHMM>
~h "oh-r+ah"
<BEGINHMM>
<NUMSTATES> 5
<STATE> 2
~s "ST_r_2_1"
<STATE> 3
~s "ST_r_3_1"
<STATE> 4
~s "ST_r_4_2"
~t "T_r"
<ENDHMM>
~h "d+ax"
<BEGINHMM>
<NUMSTATES> 5
<STATE> 2
~s "ST_d_2_1"
<STATE> 3
~s "ST_d_3_1"
<STATE> 4
~s "ST_d_4_1"
~t "T_d"
<ENDHMM>
~h "d-ah"
<BEGINHMM>
<NUMSTATES> 5
<STATE> 2
~s "ST_ah_2_1"
<STATE> 3
~s "ST_ah_3_6"
<STATE> 4
~s "ST_ah_4_3"
~t "T_ah"
<ENDHMM>
~h "m-ih+s"
<BEGINHMM>
<NUMSTATES> 5
<STATE> 2
~s "ST_ih_2_1"
<STATE> 3
~s "ST_ih_3_1"
<STATE> 4
~s "ST_ih_4_1"
~t "T_ih"
<ENDHMM>
~h "k-ah+m"
<BEGINHMM>
<NUMSTATES> 5
<STATE> 2
~s "ST_ah_2_4"
<STATE> 3
~s "ST_ah_3_2"
<STATE> 4
~s "ST_ah_4_2"
~t "T_ah"
<ENDHMM>
~h "ax-n+ih"
<BEGINHMM>
<NUMSTATES> 5
<STATE> 2
~s "ST_n_2_1"
<STATE> 3
~s "ST_n_3_1"
<STATE> 4
~s "ST_n_4_1"
~t "T_n"
<ENDHMM>
~h "m-ah+l"
<BEGINHMM>
<NUMSTATES> 5
<STATE> 2
~s "ST_ah_2_1"
<STATE> 3
~s "ST_ah_3_6"
<STATE> 4
~s "ST_ah_4_6"
~t "T_ah"
<ENDHMM>
~h "m-ah+r"
<BEGINHMM>
<NUMSTATES> 5
<STATE> 2
~s "ST_ah_2_1"
<STATE> 3
~s "ST_ah_3_7"
<STATE> 4
~s "ST_ah_4_6"
~t "T_ah"
<ENDHMM>
~h "m+ah"
<BEGINHMM>
<NUMSTATES> 5
<STATE> 2
~s "ST_m_2_1"
<STATE> 3
~s "ST_m_3_1"
<STATE> 4
~s "ST_m_4_2"
~t "T_m"
<ENDHMM>
~h "ah-p+ah"
<BEGINHMM>
<NUMSTATES> 5
<STATE> 2
~s "ST_p_2_1"
<STATE> 3
~s "ST_p_3_1"
<STATE> 4
~s "ST_p_4_1"
~t "T_p"
<ENDHMM>
~h "s-ah+b"
<BEGINHMM>
<NUMSTATES> 5
<STATE> 2
~s "ST_ah_2_1"
<STATE> 3
~s "ST_ah_3_2"
<STATE> 4
~s "ST_ah_4_2"
~t "T_ah"
<ENDHMM>
~h "s-ah+n"
<BEGINHMM>
<NUMSTATES> 5
<STATE> 2
~s "ST_ah_2_1"
<STATE> 3
~s "ST_ah_3_1"
<STATE> 4
~s "ST_ah_4_5"
~t "T_ah"
<ENDHMM>
~h "s-ah+r"
<BEGINHMM>
<NUMSTATES> 5
<STATE> 2
~s "ST_ah_2_1"
<STATE> 3
~s "ST_ah_3_1"
<STATE> 4
~s "ST_ah_4_4"
~t "T_ah"
<ENDHMM>
~h "hh-ah+r"
<BEGINHMM>
<NUMSTATES> 5
<STATE> 2
~s "ST_ah_2_3"
<STATE> 3
~s "ST_ah_3_5"
<STATE> 4
~s "ST_ah_4_6"
~t "T_ah"
<ENDHMM>
~h "w-iy+t"
<BEGINHMM>
<NUMSTATES> 5
<STATE> 2
~s "ST_iy_2_1"
<STATE> 3
~s "ST_iy_3_1"
<STATE> 4
~s "ST_iy_4_1"
~t "T_iy"
<ENDHMM>
~h "ng-g+uw"
<BEGINHMM>
<NUMSTATES> 5
<STATE> 2
~s "ST_g_2_1"
<STATE> 3
~s "ST_g_3_1"
<STATE> 4
~s "ST_g_4_1"
~t "T_g"
<ENDHMM>
~h "uh+n"
<BEGINHMM>
<NUMSTATES> 5
<STATE> 2
~s "ST_uh_2_1"
<STATE> 3
~s "ST_uh_3_1"
<STATE> 4
~s "ST_uh_4_1"
~t "T_uh"
<ENDHMM>
~h "uh-k"
<BEGINHMM>
<NUMSTATES> 5
<STATE> 2
~s "ST_k_2_1"
<STATE> 3
~s "ST_k_3_1"
<STATE> 4
~s "ST_k_4_1"
~t "T_k"
<ENDHMM>
~h "ax-ng+ah"
<BEGINHMM>
<NUMSTATES> 5
<STATE> 2
~s "ST_ng_2_1"
<STATE> 3
~s "ST_ng_3_1"
<STATE> 4
~s "ST_ng_4_1"
~t "T_ng"
<ENDHMM>
~h "r-ah+ng"
<BEGINHMM>
<NUMSTATES> 5
<STATE> 2
~s "ST_ah_2_1"
<STATE> 3
~s "ST_ah_3_6"
<STATE> 4
~s "ST_ah_4_2"
~t "T_ah"
<ENDHMM>
~h "k-s"
<BEGINHMM>
<NUMSTATES> 5
<STATE> 2
~s "ST_s_2_1"
<STATE> 3
~s "ST_s_3_1"
<STATE> 4
~s "ST_s_4_1"
~t "T_s"
<ENDHMM>
~h "sil"
<BEGINHMM>
<NUMSTATES> 5
<STATE> 2
<MEAN> 13
 -1.691262e+01 6.905476e+00 -2.593349e+00 1.046213e+01 2.544576e-01 6.581191e+00 4.103888e-02 3.004307e+00 1.673188e+00 -1.522500e+00 7.571331e-01 -1.541485e+00 3.254877e+01
<VARIANCE> 13
 4.252473e+01 6.819132e+01 4.521162e+01 6.360892e+01 4.053653e+01 7.415231e+01 4.754948e+01 6.215256e+01 5.846732e+01 4.549020e+01 3.525094e+01 3.321315e+01 1.437407e+02
<GCONST> 7.574801e+01
<STATE> 3
~s "silst"
<STATE> 4
<MEAN> 13
 -2.538467e+01 3.135245e+00 -9.372888e+00 4.807567e+00 -6.815804e+00 5.693086e+00 -2.725768e+00 1.827275e+00 1.696555e+00 -5.974694e-01 1.484022e+00 -4.118680e-01 2.302744e+01
<VARIANCE> 13
 1.240884e+01 2.330525e+00 5.557393e+00 5.510296e+00 9.565419e+00 9.210328e+00 9.505425e+00 9.591643e+00 1.019060e+01 9.033341e+00 9.104851e+00 8.151888e+00 2.928049e+01
<GCONST> 5.187626e+01
<TRANSP> 5
 0.000000e+00 1.000000e+00 0.000000e+00 0.000000e+00 0.000000e+00
 0.000000e+00 7.056631e-01 1.197857e-01 1.745513e-01 0.000000e+00
 0.000000e+00 0.000000e+00 9.551020e-01 4.489800e-02 0.000000e+00
 0.000000e+00 1.275023e-02 0.000000e+00 9.280421e-01 5.920771e-02
 0.000000e+00 0.000000e+00 0.000000e+00 0.000000e+00 0.000000e+00
<ENDHMM>
~h "g-ah"
<BEGINHMM>
<NUMSTATES> 5
<STATE> 2
~s "ST_ah_2_1"
<STATE> 3
~s "ST_ah_3_6"
<STATE> 4
~s "ST_ah_4_1"
~t "T_ah"
<ENDHMM>
~h "ah-b+uw"
<BEGINHMM>
<NUMSTATES> 5
<STATE> 2
~s "ST_b_2_1"
<STATE> 3
~s "ST_b_3_1"
<STATE> 4
~s "ST_b_4_1"
~t "T_b"
<ENDHMM>
~h "p-ah"
<BEGINHMM>
<NUMSTATES> 5
<STATE> 2
~s "ST_ah_2_1"
<STATE> 3
~s "ST_ah_3_4"
<STATE> 4
~s "ST_ah_4_1"
~t "T_ah"
<ENDHMM>
~h "d-ah+r"
<BEGINHMM>
<NUMSTATES> 5
<STATE> 2
~s "ST_ah_2_1"
<STATE> 3
~s "ST_ah_3_7"
<STATE> 4
~s "ST_ah_4_4"
~t "T_ah"
<ENDHMM>
~h "b-t+uw"
<BEGINHMM>
<NUMSTATES> 5
<STATE> 2
~s "ST_t_2_1"
<STATE> 3
~s "ST_t_3_1"
<STATE> 4
~s "ST_t_4_2"
~t "T_t"
<ENDHMM>
~h "uw-ah"
<BEGINHMM>
<NUMSTATES> 5
<STATE> 2
~s "ST_ah_2_1"
<STATE> 3
~s "ST_ah_3_3"
<STATE> 4
~s "ST_ah_4_1"
~t "T_ah"
<ENDHMM>
~h "s-w+iy"
<BEGINHMM>
<NUMSTATES> 5
<STATE> 2
~s "ST_w_2_1"
<STATE> 3
~s "ST_w_3_1"
<STATE> 4
~s "ST_w_4_1"
~t "T_w"
<ENDHMM>
~h "oh+r"
<BEGINHMM>
<NUMSTATES> 5
<STATE> 2
~s "ST_oh_2_1"
<STATE> 3
~s "ST_oh_3_1"
<STATE> 4
~s "ST_oh_4_1"
~t "T_oh"
<ENDHMM>
~h "oh-r"
<BEGINHMM>
<NUMSTATES> 5
<STATE> 2
~s "ST_r_2_1"
<STATE> 3
~s "ST_r_3_1"
<STATE> 4
~s "ST_r_4_1"
~t "T_r"
<ENDHMM>
~h "ah-t+uw"
<BEGINHMM>
<NUMSTATES> 5
<STATE> 2
~s "ST_t_2_2"
<STATE> 3
~s "ST_t_3_1"
<STATE> 4
~s "ST_t_4_1"
~t "T_t"
<ENDHMM>
~h "ah-l+ah"
<BEGINHMM>
<NUMSTATES> 5
<STATE> 2
~s "ST_l_2_1"
<STATE> 3
~s "ST_l_3_1"
<STATE> 4
~s "ST_l_4_1"
~t "T_l"
<ENDHMM>
~h "p-ah+d"
<BEGINHMM>
<NUMSTATES> 5
<STATE> 2
~s "ST_ah_2_1"
<STATE> 3
~s "ST_ah_3_4"
<STATE> 4
~s "ST_ah_4_4"
~t "T_ah"
<ENDHMM>
~h "p-ah+n"
<BEGINHMM>
<NUMSTATES> 5
<STATE> 2
~s "ST_ah_2_1"
<STATE> 3
~s "ST_ah_3_4"
<STATE> 4
~s "ST_ah_4_5"
~t "T_ah"
<ENDHMM>
~h "n-t+uh"
<BEGINHMM>
<NUMSTATES> 5
<STATE> 2
~s "ST_t_2_1"
<STATE> 3
~s "ST_t_3_2"
<STATE> 4
~s "ST_t_4_2"
~t "T_t"
<ENDHMM>
~h "r-ah+b"
<BEGINHMM>
<NUMSTATES> 5
<STATE> 2
~s "ST_ah_2_1"
<STATE> 3
~s "ST_ah_3_7"
<STATE> 4
~s "ST_ah_4_2"
~t "T_ah"
<ENDHMM>
~h "hh+ah"
<BEGINHMM>
<NUMSTATES> 5
<STATE> 2
~s "ST_hh_2_1"
<STATE> 3
~s "ST_hh_3_1"
<STATE> 4
~s "ST_hh_4_1"
~t "T_hh"
<ENDHMM>
~h "ah-n+d"
<BEGINHMM>
<NUMSTATES> 5
<STATE> 2
~s "ST_n_2_2"
<STATE> 3
~s "ST_n_3_1"
<STATE> 4
~s "ST_n_4_2"
~t "T_n"
<ENDHMM>
~h "j+uh"
<BEGINHMM>
<NUMSTATES> 5
<STATE> 2
~s "ST_j_2_1"
<STATE> 3
~s "ST_j_3_1"
<STATE> 4
~s "ST_j_4_1"
~t "T_j"
<ENDHMM>
~h "ng-ah+n"
<BEGINHMM>
<NUMSTATES> 5
<STATE> 2
~s "ST_ah_2_1"
<STATE> 3
~s "ST_ah_3_6"
<STATE> 4
~s "ST_ah_4_5"
~t "T_ah"
<ENDHMM>
~h "s-ah"
<BEGINHMM>
<NUMSTATES> 5
<STATE> 2
~s "ST_ah_2_1"
<STATE> 3
~s "ST_ah_3_1"
<STATE> 4
~s "ST_ah_4_1"
~t "T_ah"
<ENDHMM>
~h "ay-ah"
<BEGINHMM>
<NUMSTATES> 5
<STATE> 2
~s "ST_ah_2_2"
<STATE> 3
~s "ST_ah_3_4"
<STATE> 4
~s "ST_ah_4_1"
~t "T_ah"
<ENDHMM>
~h "s-ay+ah"
<BEGINHMM>
<NUMSTATES> 5
<STATE> 2
~s "ST_ay_2_1"
<STATE> 3
~s "ST_ay_3_1"
<STATE> 4
~s "ST_ay_4_1"
~t "T_ay"
<ENDHMM>
~h "ah-m"
<BEGINHMM>
<NUMSTATES> 5
<STATE> 2
~s "ST_m_2_1"
<STATE> 3
~s "ST_m_3_1"
<STATE> 4
~s "ST_m_4_1"
~t "T_m"
<ENDHMM>
~h "ah-n"
<BEGINHMM>
<NUMSTATES> 5
<STATE> 2
~s "ST_n_2_2"
<STATE> 3
~s "ST_n_3_1"
<STATE> 4
~s "ST_n_4_1"
~t "T_n"
<ENDHMM>
