   1         "t+ah"   36  267.815063 149.398239 105.791809
   2       "d-eh+l"    6   34.798897  42.218189  21.385952
   3         "t-uw"   60   95.938919 329.556580 213.576218
   4           "sp"  438  498.632782 456.413635 566.168030
   5       "uh-k+s"   60  245.539169 154.378693 160.567108
   6       "l-uh+k"   54  159.219543 274.757874 196.931213
   7         "ax+m"   66  130.552841 100.284485  94.900513
   8       "uh-n+t"   48  238.634689 339.306702 249.399750
   9      "oh-r+ah"   90  305.185852 334.842743 128.895309
  10         "d+ax"   78  137.438614  86.237259  78.303413
  11         "d-ah"   42  555.347412 213.346786 110.945251
  12       "m-ih+s"   42  184.503311 205.300446  80.229683
  13       "k-ah+m"   54  220.492142 286.924316 327.888367
  14      "ax-n+ih"   12  238.634689 232.806503 263.712891
  15       "m-ah+l"   30  555.347412 213.346786 322.020660
  16       "m-ah+r"   54  555.347412 418.501190 322.020660
  17         "m+ah"  108  364.987488 347.524139 256.781219
  18      "ah-p+ah"  108  312.437042 279.986481 122.075851
  19       "s-ah+b"    6  555.347412 286.924316 327.888367
  20       "s-ah+n"   36  555.347412 485.000336 323.842041
  21       "s-ah+r"   30  555.347412 485.000336 325.106110
  22      "hh-ah+r"   42  204.836670 235.729218 322.020660
  23       "w-iy+t"   48  209.870438 355.393951  91.165977
  24      "ng-g+uw"   24  100.255257 127.856850 163.051117
  25         "uh+n"   54  159.219543 274.757874 177.343292
  26         "uh-k"   48  245.539169 154.378693 153.192322
  27     "ax-ng+ah"   36  146.129776 154.027115 171.485687
  28      "r-ah+ng"   48  555.347412 213.346786 327.888367
  29          "k-s"  132  171.815948 506.110779 755.311707
  30          "sil"  300  1238.684326 3304.769531 5066.750000
  31         "g-ah"   18  555.347412 213.346786 212.738205
  32      "ah-b+uw"   12   76.985001  52.329544  58.630939
  33         "p-ah"    6  555.347412 614.935730 212.738205
  34       "d-ah+r"    6  555.347412 418.501190 325.106110
  35       "b-t+uw"    6  267.815063 149.398239 178.014648
  36        "uw-ah"   18  555.347412 181.539337 212.738205
  37       "s-w+iy"    6   43.968208  26.122326  21.524475
  38         "oh+r"   30  223.782791 389.648102  32.330498
  39         "oh-r"   60  305.185852 334.842743 237.747849
  40      "ah-t+uw"   42  180.221527 149.398239 105.791809
  41      "ah-l+ah"   36  343.522308 273.840363  61.579769
  42       "p-ah+d"   60  555.347412 614.935730 325.106110
  43       "p-ah+n"   12  555.347412 614.935730 323.842041
  44       "n-t+uh"   48  267.815063 308.514435 178.014648
  45       "r-ah+b"   18  555.347412 418.501190 327.888367
  46        "hh+ah"   42  194.325180 504.100311 652.780945
  47       "ah-n+d"   12  204.847443 232.806503 249.399750
  48         "j+uh"    6   49.582249  40.898853  36.688805
  49      "ng-ah+n"    6  555.347412 213.346786 323.842041
  50         "s-ah"    6  555.347412 485.000336 212.738205
  51        "ay-ah"   24  282.738434 614.935730 212.738205
  52      "s-ay+ah"   24  123.834206  76.495193 274.192200
  53         "ah-m"   24  364.987488 347.524139 196.986267
  54         "ah-n"   42  204.847443 232.806503 263.712891
