~o
<STREAMINFO> 1 13
<VECSIZE> 13<NULLD><MFCC_0><DIAGC>
~h "KAMIS"
<BEGINHMM>
<NUMSTATES> 5
<STATE> 2
<MEAN> 13
 2.126019e+000 -1.252213e+001 -1.191157e+001 -1.486436e+000 -5.026413e+000 -6.159735e+000 -2.987939e+000 3.601344e+000 2.506527e-001 2.186558e+000 -6.875484e+000 -1.540774e+001 7.320312e+001
<VARIANCE> 13
 2.114461e+001 4.518249e+001 1.666486e+001 3.094993e+001 2.676519e+001 5.653379e+001 3.499639e+001 1.931186e+001 2.102660e+001 1.910166e+001 2.237766e+001 5.530046e+001 2.183737e+001
<GCONST> 6.703811e+001
<STATE> 3
<MEAN> 13
 2.132077e+000 -1.901162e+000 6.969711e+000 3.042736e+000 -1.318684e+001 -1.249815e+001 -4.978132e+000 -3.681678e+000 -1.148834e+001 1.455691e+000 4.444202e+000 -1.321691e+001 6.585648e+001
<VARIANCE> 13
 1.027883e+001 8.393435e+000 5.799363e+001 1.074361e+001 5.752819e+001 1.876216e+001 8.226879e+000 1.470578e+001 2.138327e+001 1.092316e+001 2.197665e+001 2.459709e+001 4.198032e+000
<GCONST> 5.974506e+001
<STATE> 4
<MEAN> 13
 -1.443905e+001 9.621337e+000 -3.603566e+000 1.330703e+001 3.669045e-001 -1.223141e+001 8.924104e+000 4.072540e-001 3.589995e+000 -4.918342e+000 3.094491e+000 1.092067e+000 6.378253e+001
<VARIANCE> 13
 2.634098e+001 1.088594e+001 3.840373e+001 1.056606e+001 4.222426e+001 2.743848e+001 1.650322e+001 1.796013e+001 4.562099e+001 6.199190e+000 1.286312e+001 1.248104e+001 3.774910e+000
<GCONST> 6.035519e+001
<TRANSP> 5
 0.000000e+000 1.000000e+000 0.000000e+000 0.000000e+000 0.000000e+000
 0.000000e+000 9.210526e-001 7.894737e-002 0.000000e+000 0.000000e+000
 0.000000e+000 0.000000e+000 9.230769e-001 7.692308e-002 0.000000e+000
 0.000000e+000 0.000000e+000 0.000000e+000 9.032258e-001 9.677420e-002
 0.000000e+000 0.000000e+000 0.000000e+000 0.000000e+000 0.000000e+000
<ENDHMM>
