~o
<STREAMINFO> 1 13
<VECSIZE> 13<NULLD><MFCC_0><DIAGC>
~h "EMPAT"
<BEGINHMM>
<NUMSTATES> 5
<STATE> 2
<MEAN> 13
 3.616179e+000 -5.502946e+000 -4.681582e+000 -2.333971e+000 -4.276399e+000 -9.373110e+000 -5.973081e+000 -1.049578e+001 -9.520062e+000 2.648379e+000 -5.338591e+000 -5.712681e+000 6.482502e+001
<VARIANCE> 13
 3.137602e+000 1.360993e+001 5.049399e+001 3.057550e+001 1.265407e+001 2.354456e+001 1.003337e+001 2.136489e+001 5.839394e+001 3.727333e+001 2.067720e+001 1.869705e+001 1.096883e+001
<GCONST> 6.209120e+001
<STATE> 3
<MEAN> 13
 -4.324370e+000 3.890855e+000 -2.371076e-001 6.669497e-001 4.320941e-001 -1.528854e+000 7.338552e-001 -3.471363e+000 -8.729389e-001 -3.489688e+000 -1.424446e+000 -2.992492e+000 5.438113e+001
<VARIANCE> 13
 7.246232e+000 5.484482e+000 5.415973e+000 7.115246e+000 7.683742e+000 1.241528e+001 1.172883e+001 2.112590e+001 1.657992e+001 1.316002e+001 1.479250e+001 8.662708e+000 6.770863e+000
<GCONST> 5.344814e+001
<STATE> 4
<MEAN> 13
 1.452010e+000 -1.576652e+001 -1.395946e+001 -6.134916e+000 -3.923346e+000 -2.501788e+000 -4.446142e+000 1.258512e+000 -1.424380e+000 6.519818e+000 -1.362166e+001 -1.392800e+001 7.191747e+001
<VARIANCE> 13
 1.264557e+001 6.499809e+001 7.908014e+000 2.260397e+001 2.163041e+001 2.166530e+001 2.701993e+001 1.661688e+001 5.882420e+001 2.661312e+001 4.164957e+001 2.132956e+001 8.056217e+001
<GCONST> 6.658125e+001
<TRANSP> 5
 0.000000e+000 1.000000e+000 0.000000e+000 0.000000e+000 0.000000e+000
 0.000000e+000 9.174312e-001 8.256882e-002 0.000000e+000 0.000000e+000
 0.000000e+000 0.000000e+000 8.448276e-001 1.551724e-001 0.000000e+000
 0.000000e+000 0.000000e+000 0.000000e+000 9.547738e-001 4.522613e-002
 0.000000e+000 0.000000e+000 0.000000e+000 0.000000e+000 0.000000e+000
<ENDHMM>
