~o
<STREAMINFO> 1 13
<VECSIZE> 13<NULLD><MFCC_0><DIAGC>
~h "TANPA"
<BEGINHMM>
<NUMSTATES> 5
<STATE> 2
<MEAN> 13
 3.301551e+000 -1.162587e+001 -9.130291e+000 -7.075129e-001 -4.412790e+000 -9.611540e+000 -6.372907e+000 1.111470e+000 -2.563821e+000 2.373254e+000 -9.886643e+000 -1.282430e+001 6.865687e+001
<VARIANCE> 13
 1.747731e+001 7.724389e+001 3.014551e+001 2.008459e+001 1.292700e+001 2.964272e+001 3.020882e+001 7.099037e+001 2.198867e+001 8.922684e+000 4.187789e+001 2.666985e+001 5.342840e+001
<GCONST> 6.740124e+001
<STATE> 3
<MEAN> 13
 -4.112070e+000 4.218828e+000 -1.003762e+000 -2.513180e-001 -1.464902e+000 -2.581928e+000 -1.329664e+000 -2.803856e+000 1.298325e+000 -3.526311e+000 -4.012939e+000 -5.767007e+000 5.405487e+001
<VARIANCE> 13
 9.431436e+000 1.108235e+001 6.406869e+000 5.000051e+000 7.919502e+000 2.077931e+001 2.092724e+001 1.652794e+001 1.672057e+001 1.328097e+001 2.343954e+001 1.769172e+001 5.179945e+000
<GCONST> 5.603330e+001
<STATE> 4
<MEAN> 13
 2.033518e+000 -1.703219e+001 -1.673924e+001 -5.284625e+000 -3.753114e+000 -4.319310e+000 -3.529909e+000 -9.123597e-001 -4.338275e+000 6.046163e+000 -1.788598e+001 -1.167351e+001 7.578645e+001
<VARIANCE> 13
 2.007660e+001 5.986890e+001 2.549186e+000 3.432977e+001 7.894191e+000 3.307465e+001 1.624773e+001 2.046173e+001 2.849831e+001 2.611312e+001 3.118945e+001 1.827848e+001 1.468835e+001
<GCONST> 6.247244e+001
<TRANSP> 5
 0.000000e+000 1.000000e+000 0.000000e+000 0.000000e+000 0.000000e+000
 0.000000e+000 9.454545e-001 5.454545e-002 0.000000e+000 0.000000e+000
 0.000000e+000 0.000000e+000 8.636364e-001 1.363636e-001 0.000000e+000
 0.000000e+000 0.000000e+000 0.000000e+000 9.605263e-001 3.947369e-002
 0.000000e+000 0.000000e+000 0.000000e+000 0.000000e+000 0.000000e+000
<ENDHMM>
