~o
<STREAMINFO> 1 13
<VECSIZE> 13<NULLD><MFCC_0><DIAGC>
~h "DELUXE"
<BEGINHMM>
<NUMSTATES> 5
<STATE> 2
<MEAN> 13
 2.234187e+000 -9.102303e+000 3.613912e-001 1.719449e+000 -1.424130e+001 -1.431081e+001 -1.336516e+001 3.439834e+000 1.943703e+000 2.912544e+000 -2.702607e+000 -1.424283e+001 6.828019e+001
<VARIANCE> 13
 1.091937e+000 6.122596e+001 1.645951e+001 2.017957e+001 7.627856e+001 1.265430e+001 1.941603e+001 7.378268e+001 2.247372e+001 1.320141e+001 6.226044e+001 1.230022e+001 3.972033e+001
<GCONST> 6.405559e+001
<STATE> 3
<MEAN> 13
 3.709411e+000 -4.396959e+000 5.168742e-001 -1.095899e+001 -7.336985e+000 -7.001269e-001 -1.953694e+001 -1.405536e+001 -1.446759e+000 3.200185e+000 2.676777e+000 -9.272797e+000 6.904234e+001
<VARIANCE> 13
 1.741143e+000 4.120904e+001 8.716227e+000 7.574716e+000 1.217453e+001 2.454576e+001 5.236997e+001 1.456319e+001 2.486769e+001 3.759326e+001 1.665318e+001 5.779588e+001 9.342516e+000
<GCONST> 6.063681e+001
<STATE> 4
<MEAN> 13
 -8.996666e+000 2.617568e+000 -3.484987e+000 2.731261e+000 1.673630e+000 -3.777330e+000 6.831709e-001 -1.526582e-001 2.036571e+000 -2.118629e-001 1.781576e+000 -2.580826e+000 5.774325e+001
<VARIANCE> 13
 4.594371e+001 2.549605e+001 3.103748e+001 5.202454e+001 1.675807e+001 2.206571e+001 2.785950e+001 2.334589e+001 2.046334e+001 2.194561e+001 1.059097e+001 9.957992e+000 1.526424e+001
<GCONST> 6.422684e+001
<TRANSP> 5
 0.000000e+000 1.000000e+000 0.000000e+000 0.000000e+000 0.000000e+000
 0.000000e+000 9.411765e-001 5.882353e-002 0.000000e+000 0.000000e+000
 0.000000e+000 0.000000e+000 9.142857e-001 8.571428e-002 0.000000e+000
 0.000000e+000 0.000000e+000 0.000000e+000 9.464286e-001 5.357143e-002
 0.000000e+000 0.000000e+000 0.000000e+000 0.000000e+000 0.000000e+000
<ENDHMM>
