~o
<STREAMINFO> 1 13
<VECSIZE> 13<NULLD><MFCC_0><DIAGC>
~h "SUITE"
<BEGINHMM>
<NUMSTATES> 5
<STATE> 2
<MEAN> 13
 -1.925811e+001 4.162174e+000 -3.007191e+000 6.229772e+000 5.321988e+000 -1.969085e+000 -3.733195e+000 3.931651e+000 6.985450e+000 2.017954e+000 2.958325e+000 -4.949392e+000 6.487760e+001
<VARIANCE> 13
 6.387286e+001 1.495358e+001 7.713132e+000 1.000886e+001 1.307426e+001 1.676411e+001 1.028073e+001 6.881360e+000 1.319378e+001 1.054026e+001 1.063248e+001 1.305358e+001 5.281951e+000
<GCONST> 5.628184e+001
<STATE> 3
<MEAN> 13
 1.043420e+000 -5.382838e+000 3.537724e+000 1.799675e+000 -1.263618e+001 -1.285765e+001 -1.785212e+001 9.187878e-001 -9.134434e+000 3.297232e+000 8.607495e+000 -1.042592e+001 7.103829e+001
<VARIANCE> 13
 1.123997e+001 1.070727e+001 2.278332e+001 8.155126e+000 4.700225e+001 7.376211e+001 2.315166e+001 6.870886e+001 3.190864e+001 1.318440e+001 1.993933e+001 3.302529e+001 7.045721e+000
<GCONST> 6.391476e+001
<STATE> 4
<MEAN> 13
 -2.414401e+000 4.431872e+000 2.569860e+000 3.150695e+000 -4.218849e+000 -1.164226e+001 -5.344671e+000 -9.620870e-001 1.617379e+000 -2.295707e+000 2.805269e+000 1.036109e+000 5.592501e+001
<VARIANCE> 13
 3.208984e+000 7.357637e+000 3.386380e+000 8.717402e+000 9.934846e+000 2.811213e+001 1.099056e+001 4.474499e+000 3.912360e+000 8.601041e+000 1.373473e+001 1.866451e+001 5.805551e+000
<GCONST> 5.078825e+001
<TRANSP> 5
 0.000000e+000 1.000000e+000 0.000000e+000 0.000000e+000 0.000000e+000
 0.000000e+000 8.928571e-001 1.071429e-001 0.000000e+000 0.000000e+000
 0.000000e+000 0.000000e+000 9.268293e-001 7.317074e-002 0.000000e+000
 0.000000e+000 0.000000e+000 0.000000e+000 7.500000e-001 2.500000e-001
 0.000000e+000 0.000000e+000 0.000000e+000 0.000000e+000 0.000000e+000
<ENDHMM>
