~o
<STREAMINFO> 1 13
<VECSIZE> 13<NULLD><MFCC_0><DIAGC>
~h "PADA"
<BEGINHMM>
<NUMSTATES> 5
<STATE> 2
<MEAN> 13
 3.463114e+000 -1.254048e+001 -8.724276e+000 -3.549906e+000 -1.650652e+000 -3.740055e+000 -6.719364e+000 8.645923e-001 -9.993758e-001 3.314905e+000 -1.247494e+001 -1.317023e+001 7.164351e+001
<VARIANCE> 13
 4.104448e+000 7.027316e+001 3.362018e+001 3.282363e+001 2.396205e+001 2.129293e+001 2.914790e+001 3.379463e+001 4.864045e+001 3.364074e+001 2.649198e+001 1.227719e+001 4.979243e+001
<GCONST> 6.678332e+001
<STATE> 3
<MEAN> 13
 1.800050e+000 -1.591139e+001 -6.018501e+000 -7.083813e+000 -1.129388e+001 -1.125777e+001 -1.802220e+001 1.420636e+001 1.974601e+000 3.803305e+000 -1.389507e+001 -1.137781e+001 7.604189e+001
<VARIANCE> 13
 1.537540e+000 5.076226e+000 8.547606e+000 7.571942e+000 2.100394e+001 8.439797e+000 3.834266e+001 2.313394e+001 1.371950e+001 1.253910e+001 1.472066e+001 9.565120e+000 3.985070e+000
<GCONST> 5.356038e+001
<STATE> 4
<MEAN> 13
 7.113383e-001 -1.730695e+001 -1.321690e+001 -7.153923e+000 -1.330762e+000 -2.922392e+000 -8.188910e+000 5.861722e+000 -3.115492e+000 -1.765431e+000 -1.706955e+001 -1.114896e+001 7.736599e+001
<VARIANCE> 13
 2.936785e+000 9.892596e+000 8.023409e+000 2.171461e+001 1.222823e+001 1.263549e+001 1.265797e+001 2.850312e+001 6.202940e+000 9.425660e+000 8.651377e+000 1.454823e+001 4.135229e+000
<GCONST> 5.367360e+001
<TRANSP> 5
 0.000000e+000 1.000000e+000 0.000000e+000 0.000000e+000 0.000000e+000
 0.000000e+000 9.451697e-001 5.483029e-002 0.000000e+000 0.000000e+000
 0.000000e+000 0.000000e+000 7.500000e-001 2.500000e-001 0.000000e+000
 0.000000e+000 0.000000e+000 0.000000e+000 9.577465e-001 4.225352e-002
 0.000000e+000 0.000000e+000 0.000000e+000 0.000000e+000 0.000000e+000
<ENDHMM>
