~o
<STREAMINFO> 1 13
<VECSIZE> 13<NULLD><MFCC_0><DIAGC>
~h "MALAM"
<BEGINHMM>
<NUMSTATES> 5
<STATE> 2
<MEAN> 13
 4.948501e+000 -4.170115e+000 -4.381029e+000 -2.483792e+000 -6.170602e+000 -9.443504e+000 -9.084912e+000 -1.151083e+001 -9.824172e+000 -2.370939e+000 -3.600135e+000 -7.176009e+000 6.470416e+001
<VARIANCE> 13
 3.650952e+000 1.113837e+001 2.529383e+001 2.033348e+001 8.903458e+000 1.264029e+001 8.535719e+000 1.401887e+001 1.063628e+001 1.254817e+001 1.995270e+001 1.907369e+001 8.344072e+000
<GCONST> 5.630568e+001
<STATE> 3
<MEAN> 13
 4.404889e+000 -1.674022e+001 -1.431851e+001 -9.584464e+000 -4.591620e+000 1.083235e-001 -1.064455e+001 -1.654717e-001 -7.861792e-001 6.328758e+000 -1.067571e+001 -1.861017e+001 7.540293e+001
<VARIANCE> 13
 3.189951e+000 5.009413e+000 5.364302e+000 8.359681e+000 6.504644e+000 1.088330e+001 2.080834e+001 1.043357e+001 1.329131e+001 2.260612e+001 1.199356e+001 1.257310e+001 5.158522e+000
<GCONST> 5.246895e+001
<STATE> 4
<MEAN> 13
 2.876252e+000 2.235754e+000 -1.055628e+000 1.587277e+000 9.871687e-001 -3.571509e+000 -1.592285e+000 -8.870773e+000 -4.186828e+000 2.267776e+000 -3.653291e+000 -8.620742e+000 6.007702e+001
<VARIANCE> 13
 7.254003e+000 1.523575e+001 2.135742e+001 2.270019e+001 1.117528e+001 6.097780e+000 6.907127e+000 1.167814e+001 1.703625e+001 2.736167e+001 1.733563e+001 3.158735e+001 7.979333e+000
<GCONST> 5.792013e+001
<TRANSP> 5
 0.000000e+000 1.000000e+000 0.000000e+000 0.000000e+000 0.000000e+000
 0.000000e+000 7.692308e-001 2.307692e-001 0.000000e+000 0.000000e+000
 0.000000e+000 0.000000e+000 9.652174e-001 3.478261e-002 0.000000e+000
 0.000000e+000 0.000000e+000 0.000000e+000 8.878505e-001 1.121495e-001
 0.000000e+000 0.000000e+000 0.000000e+000 0.000000e+000 0.000000e+000
<ENDHMM>
