~o
<STREAMINFO> 1 13
<VECSIZE> 13<NULLD><MFCC_0><DIAGC>
~h "PESAN"
<BEGINHMM>
<NUMSTATES> 5
<STATE> 2
<MEAN> 13
 -7.836741e+000 1.382467e+000 -9.730838e+000 7.620854e+000 -1.830642e+000 -1.018470e+001 3.352594e-001 8.043151e-001 5.440110e+000 5.840293e+000 -6.523498e-001 -5.054524e+000 6.654573e+001
<VARIANCE> 13
 9.490083e+001 6.414078e+001 1.720718e+001 6.514089e+001 1.797128e+001 3.482377e+001 9.299055e+001 1.913412e+001 2.553306e+001 4.685648e+001 2.317561e+001 2.630944e+001 3.295882e+001
<GCONST> 7.054659e+001
<STATE> 3
<MEAN> 13
 2.135255e+000 -1.955321e+001 -1.546497e+001 -5.235626e+000 -5.127910e+000 -6.797320e+000 -4.288856e+000 3.044203e+000 -5.861145e+000 6.366538e+000 -1.483122e+001 -1.730672e+001 7.876199e+001
<VARIANCE> 13
 2.279620e+000 6.901840e+000 6.799750e+000 5.646964e+000 1.235441e+001 1.803425e+001 2.406773e+001 2.361611e+001 1.475304e+001 1.971710e+001 1.483615e+001 1.010551e+001 2.525086e+000
<GCONST> 5.365465e+001
<STATE> 4
<MEAN> 13
 3.045995e+000 -3.573146e+000 -2.669720e+000 2.005664e+000 -7.548775e+000 -1.469579e+001 -8.210361e+000 -6.308791e+000 -2.706558e-001 1.466360e+000 -1.056601e+001 -1.197482e+001 6.392737e+001
<VARIANCE> 13
 1.498114e+001 4.823376e+001 1.812404e+001 1.074656e+001 2.492027e+001 2.419031e+001 1.805586e+001 5.289381e+001 1.265774e+001 3.447063e+001 2.513295e+001 2.467654e+001 1.803154e+001
<GCONST> 6.441100e+001
<TRANSP> 5
 0.000000e+000 1.000000e+000 0.000000e+000 0.000000e+000 0.000000e+000
 0.000000e+000 9.469026e-001 5.309734e-002 0.000000e+000 0.000000e+000
 0.000000e+000 0.000000e+000 9.405941e-001 5.940595e-002 0.000000e+000
 0.000000e+000 0.000000e+000 0.000000e+000 9.097744e-001 9.022556e-002
 0.000000e+000 0.000000e+000 0.000000e+000 0.000000e+000 0.000000e+000
<ENDHMM>
