~o
<STREAMINFO> 1 13
<VECSIZE> 13<NULLD><MFCC_0><DIAGC>
~h "SATU"
<BEGINHMM>
<NUMSTATES> 5
<STATE> 2
<MEAN> 13
 -4.101054e+000 -8.864198e+000 -1.328821e+001 2.607251e+000 -1.938789e+000 -6.722368e+000 -4.482764e+000 3.645024e+000 1.879948e+000 5.694923e+000 -7.546086e+000 -1.059320e+001 7.171510e+001
<VARIANCE> 13
 1.150882e+002 8.551643e+001 3.014224e+001 7.382336e+001 3.918530e+001 2.218820e+001 8.135283e+001 1.458606e+001 2.720190e+001 1.551925e+001 4.189108e+001 6.889493e+001 3.831851e+001
<GCONST> 7.230009e+001
<STATE> 3
<MEAN> 13
 -3.854836e+000 -2.634762e+000 -5.975964e+000 -1.730142e+000 1.206422e-001 -1.921304e+000 5.727470e-002 1.314377e+000 8.543752e+000 1.191519e+000 -4.356408e+000 -7.495660e+000 5.624029e+001
<VARIANCE> 13
 8.542284e+000 2.851182e+001 2.959394e+001 2.099717e+001 2.747102e+001 2.264963e+001 4.112994e+001 3.084465e+001 2.504303e+001 1.322529e+001 1.677419e+001 1.950595e+001 1.315733e+001
<GCONST> 6.356895e+001
<STATE> 4
<MEAN> 13
 4.474679e+000 4.709769e-001 -6.219132e+000 -1.774329e+001 -1.516182e+001 -1.523115e+000 -1.378500e+001 -6.705551e+000 -7.130065e+000 -4.189101e+000 1.532174e+000 -9.827637e+000 6.786156e+001
<VARIANCE> 13
 4.991318e+000 1.485535e+001 9.667939e+000 2.479414e+001 1.722452e+001 8.752507e+000 3.766240e+001 2.583344e+001 1.127369e+001 2.194026e+001 1.438612e+001 2.328544e+001 1.679617e+001
<GCONST> 5.971992e+001
<TRANSP> 5
 0.000000e+000 1.000000e+000 0.000000e+000 0.000000e+000 0.000000e+000
 0.000000e+000 9.454545e-001 5.454545e-002 0.000000e+000 0.000000e+000
 0.000000e+000 0.000000e+000 9.042553e-001 9.574470e-002 0.000000e+000
 0.000000e+000 0.000000e+000 0.000000e+000 9.494382e-001 5.056179e-002
 0.000000e+000 0.000000e+000 0.000000e+000 0.000000e+000 0.000000e+000
<ENDHMM>
