~o
<STREAMINFO> 1 13
<VECSIZE> 13<NULLD><MFCC_0><DIAGC>
~s "silst"
<MEAN> 13
 -1.223278e+01 2.987624e+00 -5.795447e+00 7.223098e+00 -4.213680e-01 3.917837e+00 -4.212733e+00 -1.287253e+00 -4.438297e-01 -3.231370e+00 -2.691221e+00 -3.176365e+00 3.970896e+01
<VARIANCE> 13
 4.874763e+01 3.780413e+01 3.968212e+01 3.115363e+01 3.833728e+01 4.200630e+01 4.271117e+01 2.904088e+01 2.994293e+01 2.910056e+01 2.522762e+01 1.818077e+01 1.349391e+02
<GCONST> 7.084190e+01
~h "b"
<BEGINHMM>
<NUMSTATES> 5
<STATE> 2
<MEAN> 13
 3.897765e+00 5.665471e+00 -7.568863e+00 -3.481748e+00 -2.627485e+00 4.688368e+00 -1.005333e+01 -3.520160e+00 -5.179912e+00 -2.659377e+00 -5.210502e+00 -4.054103e+00 4.920101e+01
<VARIANCE> 13
 9.460625e+01 1.607921e+02 3.357240e+01 9.780733e+01 8.809855e+01 9.793079e+01 5.749953e+01 4.447797e+01 5.979022e+01 5.781425e+01 2.730348e+01 4.735595e+01 7.762949e+01
<GCONST> 7.819315e+01
<STATE> 3
<MEAN> 13
 -2.786162e+00 -1.414906e+00 -7.929650e+00 -3.767265e-01 -1.481576e+00 9.097489e-01 -2.206552e+00 -1.944663e+00 -1.044173e+00 -8.227132e-01 -2.388278e+00 -4.556960e+00 5.141988e+01
<VARIANCE> 13
 1.807468e+01 4.520876e+01 2.297786e+01 1.968653e+01 5.138941e+01 1.864417e+01 5.250256e+01 2.640074e+01 5.889981e+01 4.349742e+01 2.542916e+01 1.823597e+01 3.853630e+01
<GCONST> 6.845132e+01
<STATE> 4
<MEAN> 13
 -1.356114e+01 5.643748e+00 -9.845678e+00 6.140646e+00 -4.148300e+00 3.335240e+00 -8.987704e+00 -3.514188e+00 -4.792058e+00 -7.732927e+00 -5.201473e+00 -7.646969e+00 3.348316e+01
<VARIANCE> 13
 3.509857e+01 2.866195e+01 3.687483e+01 2.723844e+01 4.149283e+01 4.278747e+01 3.716058e+01 5.358628e+01 2.386316e+01 3.131727e+01 3.555376e+01 2.960337e+01 6.470933e+01
<GCONST> 7.054195e+01
<TRANSP> 5
 0.000000e+00 1.000000e+00 0.000000e+00 0.000000e+00 0.000000e+00
 0.000000e+00 8.392409e-01 1.607591e-01 0.000000e+00 0.000000e+00
 0.000000e+00 0.000000e+00 7.630326e-01 2.369674e-01 0.000000e+00
 0.000000e+00 0.000000e+00 0.000000e+00 8.851566e-01 1.148434e-01
 0.000000e+00 0.000000e+00 0.000000e+00 0.000000e+00 0.000000e+00
<ENDHMM>
~h "d"
<BEGINHMM>
<NUMSTATES> 5
<STATE> 2
<MEAN> 13
 5.144628e-01 -4.091178e+00 -3.723099e+00 -3.372380e-01 3.570771e+00 -3.315858e-01 -7.071736e+00 -7.873085e+00 -8.657603e-01 6.644987e-01 -7.653593e+00 -6.188048e+00 5.943922e+01
<VARIANCE> 13
 4.193544e+01 1.990860e+02 6.629987e+01 1.716631e+02 7.119266e+01 6.595871e+01 1.155043e+02 6.870439e+01 6.943974e+01 8.002946e+01 5.816736e+01 3.865919e+01 1.638308e+02
<GCONST> 8.113533e+01
<STATE> 3
<MEAN> 13
 3.404296e+00 -1.292421e+01 -4.346266e+00 -7.223732e+00 -1.238732e-01 -3.699855e+00 -8.952824e+00 -7.001980e+00 1.524044e+00 3.295562e+00 -8.584812e+00 -5.197862e+00 6.793410e+01
<VARIANCE> 13
 1.900265e+01 6.188374e+01 3.490985e+01 1.013158e+02 1.068688e+02 6.296313e+01 1.601375e+02 9.997212e+01 9.901749e+01 8.303149e+01 7.763178e+01 4.278576e+01 4.251197e+01
<GCONST> 7.850080e+01
<STATE> 4
<MEAN> 13
 6.943440e+00 -1.625185e+01 -4.292225e+00 -1.234100e+01 -2.463601e+00 -1.184720e+00 -4.110310e+00 -9.388613e+00 -6.794191e-01 9.645982e+00 -1.203033e+01 -5.325354e+00 7.050430e+01
<VARIANCE> 13
 9.077453e+00 2.586647e+01 1.746808e+01 4.841475e+01 8.864265e+01 3.880336e+01 7.281435e+01 7.110419e+01 5.664796e+01 4.865593e+01 4.182808e+01 2.423848e+01 2.048831e+01
<GCONST> 7.064950e+01
<TRANSP> 5
 0.000000e+00 1.000000e+00 0.000000e+00 0.000000e+00 0.000000e+00
 0.000000e+00 3.511243e-01 6.488757e-01 0.000000e+00 0.000000e+00
 0.000000e+00 0.000000e+00 6.221052e-02 9.377895e-01 0.000000e+00
 0.000000e+00 0.000000e+00 0.000000e+00 7.778312e-01 2.221688e-01
 0.000000e+00 0.000000e+00 0.000000e+00 0.000000e+00 0.000000e+00
<ENDHMM>
~h "g"
<BEGINHMM>
<NUMSTATES> 5
<STATE> 2
<MEAN> 13
 -3.470324e+00 -4.747129e+00 1.680111e+01 -4.241517e+00 -1.515466e+01 -1.011418e+01 -6.191589e+00 -1.215320e+01 -1.279807e+01 -1.063043e+00 6.696995e+00 -6.921939e+00 6.529524e+01
<VARIANCE> 13
 1.187828e+01 3.426139e+01 6.588877e+01 7.985678e+01 8.544518e+01 5.664537e+01 5.176767e+01 3.169910e+01 8.056661e+01 3.661280e+01 1.019358e+02 4.881544e+01 4.200098e+01
<GCONST> 7.459664e+01
<STATE> 3
<MEAN> 13
 -2.867265e+00 -3.836691e-01 1.010263e+01 -2.080523e+00 -1.058100e+01 -1.338101e+01 -5.323433e+00 -2.888287e+00 -5.104505e+00 -9.369756e-01 -1.353583e+00 -6.188505e+00 6.111361e+01
<VARIANCE> 13
 1.927523e+01 1.200708e+02 7.690419e+01 8.713610e+01 7.724842e+01 8.880195e+01 5.584632e+01 3.924331e+01 4.009224e+01 2.936213e+01 9.744301e+01 6.873573e+01 1.047073e+02
<GCONST> 7.750675e+01
<STATE> 4
<MEAN> 13
 1.042214e+00 -1.861618e+01 -7.668308e+00 -8.337221e+00 -1.085701e+01 -7.001318e+00 -1.069579e+01 3.052318e+00 2.728040e+00 4.839311e-01 -3.114445e+00 -1.702105e+01 7.520025e+01
<VARIANCE> 13
 1.290506e+01 4.674044e+01 3.399116e+01 2.583215e+01 4.062281e+01 6.680583e+01 4.759532e+01 4.776003e+01 1.069370e+02 3.435024e+01 7.215824e+01 1.052570e+02 5.329979e+01
<GCONST> 7.382744e+01
<TRANSP> 5
 0.000000e+00 1.000000e+00 0.000000e+00 0.000000e+00 0.000000e+00
 0.000000e+00 8.784181e-01 1.215819e-01 0.000000e+00 0.000000e+00
 0.000000e+00 0.000000e+00 7.836868e-01 2.163132e-01 0.000000e+00
 0.000000e+00 0.000000e+00 0.000000e+00 8.331692e-01 1.668308e-01
 0.000000e+00 0.000000e+00 0.000000e+00 0.000000e+00 0.000000e+00
<ENDHMM>
~h "j"
<BEGINHMM>
<NUMSTATES> 5
<STATE> 2
<MEAN> 13
 -6.210704e+00 1.345929e+01 2.892771e+01 -5.205226e+00 -6.271408e+00 -4.336099e+00 -9.064313e+00 -4.267015e+00 -1.621272e+01 1.687444e+00 -1.360339e+00 -4.403479e+00 5.073465e+01
<VARIANCE> 13
 1.441684e+01 1.202759e+02 1.346592e+02 2.007869e+02 7.200560e+01 4.847242e+01 7.338784e+01 3.010439e+01 6.565390e+01 4.975638e+01 3.936368e+01 2.027938e+01 7.033683e+01
<GCONST> 7.644103e+01
<STATE> 3
<MEAN> 13
 -4.377731e-01 -5.326777e+00 7.273544e+00 2.599917e+00 -1.214017e+01 -7.960053e+00 -1.458888e+01 -1.302098e+01 -5.835859e+00 -8.632036e-01 8.828366e+00 -4.732793e+00 6.396534e+01
<VARIANCE> 13
 2.672684e+01 2.232461e+01 7.756879e+01 4.235758e+01 4.201461e+01 7.439180e+01 1.294217e+02 9.694853e+01 6.014011e+01 4.453942e+01 6.923083e+01 5.556709e+01 3.598022e+01
<GCONST> 7.559676e+01
<STATE> 4
<MEAN> 13
 8.034781e+00 4.241579e+00 -4.982577e+00 1.190276e+00 -4.688168e+00 5.877589e+00 -1.269293e+01 -1.884847e+01 -1.115358e+01 -1.010850e+00 3.910450e+00 -3.235357e+00 5.477666e+01
<VARIANCE> 13
 2.760150e+01 1.928901e+02 2.714299e+01 3.692022e+01 2.140410e+01 3.438783e+01 5.366022e+01 2.867608e+01 3.180890e+01 3.757783e+01 6.599834e+01 2.417190e+01 1.039636e+02
<GCONST> 7.242732e+01
<TRANSP> 5
 0.000000e+00 1.000000e+00 0.000000e+00 0.000000e+00 0.000000e+00
 0.000000e+00 8.357953e-01 1.642047e-01 0.000000e+00 0.000000e+00
 0.000000e+00 0.000000e+00 8.492466e-01 1.507534e-01 0.000000e+00
 0.000000e+00 0.000000e+00 0.000000e+00 8.125809e-01 1.874191e-01
 0.000000e+00 0.000000e+00 0.000000e+00 0.000000e+00 0.000000e+00
<ENDHMM>
~h "k"
<BEGINHMM>
<NUMSTATES> 5
<STATE> 2
<MEAN> 13
 -6.967796e+00 4.481608e-01 -5.342898e+00 -2.320484e-01 1.162794e+00 7.112210e-01 -3.379914e+00 -3.575323e+00 2.091909e-02 6.751274e-01 -2.395882e-02 -2.186311e+00 5.061144e+01
<VARIANCE> 13
 3.726740e+01 5.693405e+01 5.494588e+01 4.555726e+01 4.430253e+01 4.058047e+01 5.105118e+01 4.346548e+01 3.647569e+01 3.972210e+01 2.821300e+01 2.420074e+01 1.050557e+02
<GCONST> 7.303606e+01
<STATE> 3
<MEAN> 13
 -6.405325e+00 -3.796513e+00 -8.298040e+00 8.292632e-02 3.443052e+00 6.168891e-01 -5.227131e+00 -3.426074e+00 -5.840797e-01 1.428099e+00 -8.138409e-02 -3.631233e+00 5.331684e+01
<VARIANCE> 13
 4.495436e+01 8.444903e+01 8.288146e+01 6.246741e+01 7.378671e+01 8.137708e+01 5.549111e+01 5.664681e+01 5.723695e+01 5.005204e+01 3.890058e+01 2.896751e+01 1.272702e+02
<GCONST> 7.727335e+01
<STATE> 4
<MEAN> 13
 -9.381824e+00 -2.027367e+00 -9.771068e+00 1.729723e+00 7.787863e+00 -3.742383e-01 -2.145357e+00 -2.155368e+00 -1.807871e+00 3.572496e+00 2.301719e-01 -3.313190e+00 4.775753e+01
<VARIANCE> 13
 7.782040e+01 1.484675e+02 1.519323e+02 1.663942e+02 1.645305e+02 2.762148e+02 8.140034e+01 1.374393e+02 1.109822e+02 9.064310e+01 7.399263e+01 7.142249e+01 2.202751e+02
<GCONST> 8.661555e+01
<TRANSP> 5
 0.000000e+00 1.000000e+00 0.000000e+00 0.000000e+00 0.000000e+00
 0.000000e+00 5.693461e-01 4.306539e-01 0.000000e+00 0.000000e+00
 0.000000e+00 0.000000e+00 1.594248e-01 8.405752e-01 0.000000e+00
 0.000000e+00 0.000000e+00 0.000000e+00 6.285200e-01 3.714801e-01
 0.000000e+00 0.000000e+00 0.000000e+00 0.000000e+00 0.000000e+00
<ENDHMM>
~h "l"
<BEGINHMM>
<NUMSTATES> 5
<STATE> 2
<MEAN> 13
 3.046651e+00 -2.226001e+01 -1.004070e+01 -1.476074e+01 8.514559e-01 1.370406e+01 -7.599443e+00 -1.130620e+01 1.038932e+01 -2.147098e-01 -2.297265e+00 -6.252014e+00 7.201761e+01
<VARIANCE> 13
 8.059693e+00 5.620736e+01 2.130226e+01 2.938441e+01 7.974237e+01 1.220163e+02 2.273205e+01 5.538237e+01 1.301476e+02 4.980481e+01 1.070084e+02 7.849019e+01 7.453790e+00
<GCONST> 7.258997e+01
<STATE> 3
<MEAN> 13
 4.544628e+00 -1.280309e+01 -9.200528e+00 -1.418860e+01 8.350833e-01 5.308661e+00 -6.440586e+00 -7.786045e+00 4.229654e-01 2.507381e+00 -5.682890e+00 -7.334646e+00 6.751003e+01
<VARIANCE> 13
 8.128877e+00 5.483743e+01 2.288915e+01 2.904163e+01 8.057655e+01 7.951775e+01 2.423295e+01 3.415874e+01 8.379988e+01 4.427861e+01 8.853490e+01 6.844334e+01 2.929984e+01
<GCONST> 7.228143e+01
<STATE> 4
<MEAN> 13
 5.042945e+00 -7.494239e+00 -7.994475e+00 -1.171616e+01 2.204079e+00 4.943048e+00 -5.659534e+00 -6.186305e+00 4.137832e-01 2.757417e+00 -7.081875e+00 -6.066733e+00 6.482722e+01
<VARIANCE> 13
 2.147548e+01 1.798138e+02 3.282476e+01 5.304383e+01 6.925120e+01 7.557025e+01 2.823572e+01 4.309190e+01 6.755777e+01 4.827061e+01 8.063966e+01 6.297774e+01 8.433002e+01
<GCONST> 7.633759e+01
<TRANSP> 5
 0.000000e+00 1.000000e+00 0.000000e+00 0.000000e+00 0.000000e+00
 0.000000e+00 8.853510e-01 1.146490e-01 0.000000e+00 0.000000e+00
 0.000000e+00 0.000000e+00 2.729475e-01 7.270526e-01 0.000000e+00
 0.000000e+00 0.000000e+00 0.000000e+00 1.357889e-01 8.642111e-01
 0.000000e+00 0.000000e+00 0.000000e+00 0.000000e+00 0.000000e+00
<ENDHMM>
~h "m"
<BEGINHMM>
<NUMSTATES> 5
<STATE> 2
<MEAN> 13
 6.377266e+00 -7.971721e+00 -6.406167e+00 -2.980550e+00 -2.509501e+00 1.106521e-01 -3.411988e+00 -1.074184e+01 -1.324285e+01 1.784438e+00 -2.251519e+00 -8.247075e+00 6.236799e+01
<VARIANCE> 13
 1.797016e+01 5.359961e+01 4.854826e+01 3.398524e+01 6.169455e+01 6.494390e+01 3.141309e+01 3.150702e+01 7.493917e+01 3.460819e+01 4.450242e+01 4.356115e+01 1.963146e+01
<GCONST> 7.177190e+01
<STATE> 3
<MEAN> 13
 3.789107e+00 5.376023e-01 -2.139831e+00 6.304007e-01 7.630753e+00 1.045942e+00 -6.343087e+00 -1.410277e+01 -1.022040e+01 2.132812e-01 -7.022609e+00 -9.329574e-01 5.770315e+01
<VARIANCE> 13
 1.696317e+01 7.125076e+01 3.950645e+01 3.912086e+01 1.345557e+02 7.238524e+01 4.773288e+01 4.736111e+01 5.128138e+01 3.735589e+01 5.536567e+01 7.361890e+01 3.171166e+01
<GCONST> 7.456754e+01
<STATE> 4
<MEAN> 13
 -8.207235e+00 3.601339e+00 -7.907029e+00 6.533521e+00 -1.465008e+00 4.479157e+00 -8.147318e+00 -5.244789e+00 -4.975550e+00 -5.874492e+00 -5.678915e+00 -5.188217e+00 4.030264e+01
<VARIANCE> 13
 5.962448e+01 8.957121e+01 5.696376e+01 6.747464e+01 5.239384e+01 3.873183e+01 3.003211e+01 3.714427e+01 3.287236e+01 3.103176e+01 2.759797e+01 2.173857e+01 1.128089e+02
<GCONST> 7.341237e+01
<TRANSP> 5
 0.000000e+00 1.000000e+00 0.000000e+00 0.000000e+00 0.000000e+00
 0.000000e+00 6.806608e-01 3.193392e-01 0.000000e+00 0.000000e+00
 0.000000e+00 0.000000e+00 6.184422e-01 3.815578e-01 0.000000e+00
 0.000000e+00 0.000000e+00 0.000000e+00 8.509461e-01 1.490539e-01
 0.000000e+00 0.000000e+00 0.000000e+00 0.000000e+00 0.000000e+00
<ENDHMM>
~h "n"
<BEGINHMM>
<NUMSTATES> 5
<STATE> 2
<MEAN> 13
 -9.366968e-01 1.642386e-01 -1.862451e+00 2.546903e+00 -2.818447e+00 -5.851676e+00 -6.260051e+00 -6.001081e+00 -1.566038e+00 -2.875328e+00 -7.792808e+00 -5.277142e+00 5.540358e+01
<VARIANCE> 13
 4.091392e+01 3.389067e+01 3.829855e+01 3.937636e+01 4.758200e+01 6.488682e+01 2.207401e+01 3.571510e+01 2.334290e+01 2.760918e+01 3.906264e+01 4.210392e+01 7.113643e+01
<GCONST> 7.128901e+01
<STATE> 3
<MEAN> 13
 4.109525e-01 4.242294e+00 -1.984268e+00 2.665273e+00 1.136644e-02 -2.414083e+00 -6.191734e+00 -5.023903e+00 -4.561155e-01 -4.086637e+00 -9.560906e+00 1.053096e+00 5.276960e+01
<VARIANCE> 13
 7.228517e+01 5.118555e+01 5.158671e+01 1.233031e+02 6.647637e+01 9.047820e+01 4.292030e+01 5.732629e+01 3.886149e+01 4.639489e+01 1.009241e+02 8.828715e+01 7.947365e+01
<GCONST> 7.834404e+01
<STATE> 4
<MEAN> 13
 -8.619246e+00 9.624990e+00 -4.232530e+00 8.460046e+00 -2.532866e+00 3.394794e+00 -8.674207e+00 -4.472935e+00 -2.832880e+00 -6.206506e+00 -5.243905e+00 -3.168921e+00 3.749352e+01
<VARIANCE> 13
 8.236801e+01 8.053717e+01 6.466236e+01 8.435608e+01 3.832024e+01 4.407029e+01 3.622250e+01 4.802388e+01 3.563436e+01 2.978876e+01 3.481406e+01 4.504371e+01 9.245695e+01
<GCONST> 7.504152e+01
<TRANSP> 5
 0.000000e+00 1.000000e+00 0.000000e+00 0.000000e+00 0.000000e+00
 0.000000e+00 6.274432e-01 3.725568e-01 0.000000e+00 0.000000e+00
 0.000000e+00 0.000000e+00 3.271590e-01 6.728410e-01 0.000000e+00
 0.000000e+00 0.000000e+00 0.000000e+00 8.176126e-01 1.823874e-01
 0.000000e+00 0.000000e+00 0.000000e+00 0.000000e+00 0.000000e+00
<ENDHMM>
~h "p"
<BEGINHMM>
<NUMSTATES> 5
<STATE> 2
<MEAN> 13
 -1.173546e+01 4.108090e+00 -9.669494e+00 6.954548e+00 -2.519819e+00 3.645227e+00 -8.096405e+00 -4.108957e+00 -4.041104e+00 -5.494194e+00 -4.670872e+00 -4.697303e+00 3.685107e+01
<VARIANCE> 13
 4.138607e+01 5.176023e+01 4.325698e+01 3.706008e+01 3.703200e+01 4.375613e+01 3.968958e+01 3.625763e+01 3.058170e+01 3.544161e+01 2.787992e+01 1.883116e+01 8.572859e+01
<GCONST> 7.130672e+01
<STATE> 3
<MEAN> 13
 -6.716273e+00 -3.113060e+00 -4.061083e+00 -2.239530e-01 2.412405e+00 -2.207027e-01 2.398605e-01 -2.743123e+00 4.644458e-01 -8.889071e-01 8.076963e-01 -1.961870e+00 5.569814e+01
<VARIANCE> 13
 3.189635e+01 3.314345e+01 5.191072e+01 2.684953e+01 4.529568e+01 3.388515e+01 3.052538e+01 3.188915e+01 2.804567e+01 2.425791e+01 2.662435e+01 2.154603e+01 8.322054e+01
<GCONST> 6.960862e+01
<STATE> 4
<MEAN> 13
 3.476789e-01 -7.385586e+00 -1.220833e+01 -5.856047e+00 -2.282007e+00 6.698704e-01 -2.892406e+00 -4.123865e+00 -2.190832e+00 3.455008e+00 -1.718910e-01 -4.725249e+00 5.857944e+01
<VARIANCE> 13
 6.729639e+01 5.098936e+01 1.246004e+02 8.217422e+01 6.524425e+01 8.983038e+01 6.044667e+01 8.770123e+01 5.502091e+01 7.154202e+01 6.769242e+01 3.836939e+01 1.300338e+02
<GCONST> 7.952687e+01
<TRANSP> 5
 0.000000e+00 1.000000e+00 0.000000e+00 0.000000e+00 0.000000e+00
 0.000000e+00 8.297297e-01 1.702703e-01 0.000000e+00 0.000000e+00
 0.000000e+00 0.000000e+00 5.886480e-01 4.113519e-01 0.000000e+00
 0.000000e+00 0.000000e+00 0.000000e+00 2.944291e-01 7.055709e-01
 0.000000e+00 0.000000e+00 0.000000e+00 0.000000e+00 0.000000e+00
<ENDHMM>
~h "r"
<BEGINHMM>
<NUMSTATES> 5
<STATE> 2
<MEAN> 13
 6.342519e+00 -9.547670e+00 -1.433432e+01 -1.752351e+00 -1.282570e+01 -5.665287e+00 -5.923164e+00 2.585454e+00 5.302693e+00 -3.828060e+00 -5.063001e+00 -1.865214e+00 6.744468e+01
<VARIANCE> 13
 2.371409e+01 4.033278e+01 1.363325e+02 3.330750e+01 1.712504e+02 6.025344e+01 3.597684e+01 6.849770e+01 4.263630e+01 1.002157e+02 2.575371e+01 7.388261e+01 3.168293e+01
<GCONST> 7.559474e+01
<STATE> 3
<MEAN> 13
 1.613893e+00 -1.095769e+01 -4.445529e+00 -2.949094e-01 -3.511889e+00 -5.247073e+00 -4.639979e+00 -8.935035e-01 2.623997e+00 2.168952e+00 -3.952517e+00 -6.244658e+00 6.289930e+01
<VARIANCE> 13
 1.633522e+01 4.265763e+01 4.798503e+01 3.633224e+01 6.578690e+01 6.208632e+01 3.899255e+01 6.404364e+01 4.749277e+01 5.421077e+01 3.887354e+01 5.388994e+01 4.215727e+01
<GCONST> 7.328253e+01
<STATE> 4
<MEAN> 13
 -3.676141e+00 -3.610273e+00 -2.995875e+00 1.033127e+01 -4.611281e-01 -6.091301e-02 -3.104908e+00 3.976862e+00 8.850011e-01 -2.892923e+00 -3.019698e+00 -2.045489e+00 4.950332e+01
<VARIANCE> 13
 5.693140e+01 1.324420e+02 6.408702e+01 1.718597e+02 8.302129e+01 9.797278e+01 6.644225e+01 9.767883e+01 6.035939e+01 6.397883e+01 4.607022e+01 4.623933e+01 2.024260e+02
<GCONST> 8.114236e+01
<TRANSP> 5
 0.000000e+00 1.000000e+00 0.000000e+00 0.000000e+00 0.000000e+00
 0.000000e+00 5.683390e-01 4.316610e-01 0.000000e+00 0.000000e+00
 0.000000e+00 0.000000e+00 4.096648e-01 5.903352e-01 0.000000e+00
 0.000000e+00 0.000000e+00 0.000000e+00 6.422468e-01 3.577532e-01
 0.000000e+00 0.000000e+00 0.000000e+00 0.000000e+00 0.000000e+00
<ENDHMM>
~h "s"
<BEGINHMM>
<NUMSTATES> 5
<STATE> 2
<MEAN> 13
 -1.068069e+01 5.505140e-02 -3.267678e+00 -2.116985e+00 5.424582e+00 -7.404349e+00 -2.020189e-01 -4.925376e+00 2.604353e+00 -1.399865e+00 7.715966e-01 -2.978738e+00 6.051241e+01
<VARIANCE> 13
 4.332273e+01 4.003204e+01 5.929245e+01 6.535348e+01 6.426246e+01 6.244432e+01 6.562234e+01 4.208099e+01 4.561917e+01 3.638387e+01 5.325353e+01 4.286954e+01 9.830656e+01
<GCONST> 7.556958e+01
<STATE> 3
<MEAN> 13
 -1.569659e+01 3.200260e+00 -5.664926e+00 5.605822e+00 5.380918e+00 -7.616042e+00 4.613853e+00 -1.363855e+00 5.063688e+00 -7.703930e-01 1.693600e+00 -2.436803e+00 6.194128e+01
<VARIANCE> 13
 2.594379e+01 4.158512e+01 3.295616e+01 9.647111e+01 4.569968e+01 4.080124e+01 5.256622e+01 4.703279e+01 3.471697e+01 2.832634e+01 2.484639e+01 2.420920e+01 3.828288e+01
<GCONST> 7.121969e+01
<STATE> 4
<MEAN> 13
 -2.369896e+01 2.086397e-01 -1.980356e+00 -3.061937e+00 1.530982e+01 -1.589762e+01 7.362134e+00 -2.075787e+00 6.298462e+00 -7.527197e+00 3.516682e-01 8.510705e-01 5.504984e+01
<VARIANCE> 13
 9.464096e+01 7.307890e+01 5.170758e+01 4.159574e+01 9.679299e+01 8.975735e+01 1.176946e+02 5.459549e+01 6.562178e+01 5.487918e+01 3.957153e+01 5.826788e+01 6.859332e+01
<GCONST> 7.840575e+01
<TRANSP> 5
 0.000000e+00 1.000000e+00 0.000000e+00 0.000000e+00 0.000000e+00
 0.000000e+00 4.049645e-01 5.950355e-01 0.000000e+00 0.000000e+00
 0.000000e+00 0.000000e+00 7.046275e-01 2.953725e-01 0.000000e+00
 0.000000e+00 0.000000e+00 0.000000e+00 7.425949e-01 2.574051e-01
 0.000000e+00 0.000000e+00 0.000000e+00 0.000000e+00 0.000000e+00
<ENDHMM>
~h "t"
<BEGINHMM>
<NUMSTATES> 5
<STATE> 2
<MEAN> 13
 -6.738063e+00 -9.778305e-01 -9.728634e+00 -3.935481e-01 -1.053559e+00 2.330175e+00 -5.650820e+00 -4.713630e+00 8.238452e-01 -1.556182e+00 -2.694359e+00 -2.378376e+00 4.677126e+01
<VARIANCE> 13
 6.353507e+01 7.426357e+01 9.961789e+01 1.392071e+02 6.664735e+01 1.216135e+02 9.341464e+01 8.201820e+01 8.375648e+01 6.726822e+01 4.778054e+01 4.405899e+01 1.438929e+02
<GCONST> 8.109099e+01
<STATE> 3
<MEAN> 13
 2.074072e+00 -6.054724e+00 -7.037036e+00 -1.499892e+01 -9.605680e+00 3.062293e+00 -1.235114e+01 -1.186609e+01 8.801330e-01 -1.759267e+00 3.346973e+00 -3.453176e+00 6.773080e+01
<VARIANCE> 13
 2.658618e+01 3.720601e+01 2.836369e+01 8.347002e+01 5.789788e+01 7.864143e+01 6.006019e+01 5.254969e+01 7.841280e+01 4.479645e+01 3.454798e+01 6.387918e+01 7.634551e+01
<GCONST> 7.523827e+01
<STATE> 4
<MEAN> 13
 5.243395e+00 -3.511946e-01 -1.656822e+00 -1.279118e+01 -8.388894e-01 8.633245e+00 -1.318635e+01 -1.328295e+01 -7.422483e+00 3.909888e+00 5.472645e-01 -1.818145e+00 5.995706e+01
<VARIANCE> 13
 3.961265e+01 9.561745e+01 4.094939e+01 1.713296e+02 9.371397e+01 7.369801e+01 8.233303e+01 5.337302e+01 8.348216e+01 6.712021e+01 1.281614e+02 6.088949e+01 1.022222e+02
<GCONST> 8.043676e+01
<TRANSP> 5
 0.000000e+00 1.000000e+00 0.000000e+00 0.000000e+00 0.000000e+00
 0.000000e+00 6.270788e-01 3.729212e-01 0.000000e+00 0.000000e+00
 0.000000e+00 0.000000e+00 7.198116e-01 2.801885e-01 0.000000e+00
 0.000000e+00 0.000000e+00 0.000000e+00 8.416380e-01 1.583620e-01
 0.000000e+00 0.000000e+00 0.000000e+00 0.000000e+00 0.000000e+00
<ENDHMM>
~h "w"
<BEGINHMM>
<NUMSTATES> 5
<STATE> 2
<MEAN> 13
 -1.733588e+01 -4.935088e+00 3.374396e+00 -6.389761e+00 1.105118e+01 -3.175888e+00 -4.110233e+00 -4.597577e+00 4.992847e+00 -6.094747e+00 4.198188e+00 -6.530837e+00 6.395891e+01
<VARIANCE> 13
 7.045414e+01 3.863887e+01 1.597948e+01 4.833617e+01 1.063501e+02 5.799743e+01 3.389860e+01 4.513961e+01 3.157944e+01 2.308599e+01 1.411993e+01 1.128107e+01 1.266731e+01
<GCONST> 6.871284e+01
<STATE> 3
<MEAN> 13
 -7.403852e+00 -8.721001e-01 2.203900e+00 -7.221293e-01 3.221563e+00 -5.189866e+00 -9.504666e+00 -3.750037e+00 4.397032e+00 -1.615618e+00 1.586140e+00 -3.525179e+00 6.434879e+01
<VARIANCE> 13
 1.014459e+02 2.541725e+01 3.724240e+01 3.188000e+01 4.844505e+01 6.604952e+01 3.091007e+01 5.816871e+01 3.742680e+01 7.804536e+01 4.704425e+01 1.163829e+01 1.749330e+01
<GCONST> 7.153893e+01
<STATE> 4
<MEAN> 13
 -6.907595e+00 -5.504023e+00 3.289747e+00 -4.481410e-01 3.991619e-01 -3.786266e+00 -4.774651e+00 -9.508662e+00 -6.711590e+00 -5.983860e+00 2.853446e+00 1.284617e+00 5.932862e+01
<VARIANCE> 13
 2.808525e+01 8.890237e+00 1.239246e+01 1.896300e+01 2.009761e+01 3.289079e+01 5.986434e+01 4.648635e+01 2.895557e+01 2.880979e+01 3.303344e+01 2.419081e+01 2.935969e+01
<GCONST> 6.608680e+01
<TRANSP> 5
 0.000000e+00 1.000000e+00 0.000000e+00 0.000000e+00 0.000000e+00
 0.000000e+00 8.448359e-01 1.551641e-01 0.000000e+00 0.000000e+00
 0.000000e+00 0.000000e+00 5.347031e-01 4.652969e-01 0.000000e+00
 0.000000e+00 0.000000e+00 0.000000e+00 7.336262e-01 2.663738e-01
 0.000000e+00 0.000000e+00 0.000000e+00 0.000000e+00 0.000000e+00
<ENDHMM>
~h "ah"
<BEGINHMM>
<NUMSTATES> 5
<STATE> 2
<MEAN> 13
 3.939920e+00 -1.861582e+01 -1.136751e+01 -1.050628e+01 -5.038888e-01 2.126625e+00 -2.281922e+00 -7.488503e+00 1.686592e+00 4.218073e+00 -2.900295e+00 -8.077823e+00 7.062081e+01
<VARIANCE> 13
 1.277433e+01 5.716574e+01 3.323479e+01 4.742963e+01 8.242092e+01 1.048412e+02 4.909531e+01 5.328440e+01 1.243673e+02 6.769418e+01 6.641312e+01 3.871925e+01 2.674683e+01
<GCONST> 7.495921e+01
<STATE> 3
<MEAN> 13
 3.104461e+00 -1.958612e+01 -1.178604e+01 -7.796827e+00 -1.340811e+00 1.499944e-01 -3.661309e+00 -4.514951e+00 2.659486e+00 3.179190e+00 -7.976244e+00 -1.208703e+01 7.333403e+01
<VARIANCE> 13
 5.820487e+00 2.879220e+01 2.089848e+01 2.664444e+01 4.794864e+01 4.833120e+01 3.927284e+01 5.760923e+01 1.021438e+02 4.513247e+01 4.915280e+01 4.376668e+01 2.157389e+01
<GCONST> 6.998985e+01
<STATE> 4
<MEAN> 13
 2.603640e+00 -1.121773e+01 -6.242639e+00 -9.407022e+00 9.208771e+00 -6.467586e+00 5.306334e-01 -4.230501e+00 4.536974e+00 9.783818e-01 -1.324113e+01 -3.192535e+00 6.640041e+01
<VARIANCE> 13
 1.104021e+01 3.811983e+01 2.703262e+01 6.742760e+01 1.084926e+02 7.585471e+01 6.477840e+01 5.467981e+01 6.305712e+01 6.953115e+01 6.424840e+01 6.355276e+01 4.063717e+01
<GCONST> 7.503587e+01
<TRANSP> 5
 0.000000e+00 1.000000e+00 0.000000e+00 0.000000e+00 0.000000e+00
 0.000000e+00 6.131618e-01 3.868382e-01 0.000000e+00 0.000000e+00
 0.000000e+00 0.000000e+00 8.139161e-01 1.860839e-01 0.000000e+00
 0.000000e+00 0.000000e+00 0.000000e+00 6.503536e-01 3.496464e-01
 0.000000e+00 0.000000e+00 0.000000e+00 0.000000e+00 0.000000e+00
<ENDHMM>
~h "ax"
<BEGINHMM>
<NUMSTATES> 5
<STATE> 2
<MEAN> 13
 2.382018e+00 -1.100408e+01 5.305530e+00 -5.877124e+00 -8.001315e+00 -1.290240e+01 -5.119259e+00 1.488876e-01 -6.824559e+00 6.060979e+00 -2.879201e+00 -2.583819e+00 6.949846e+01
<VARIANCE> 13
 1.342910e+01 3.949530e+01 8.509966e+01 5.568247e+01 1.031279e+02 7.339891e+01 5.180362e+01 8.620447e+01 7.916341e+01 4.133838e+01 6.712317e+01 3.894899e+01 2.934772e+01
<GCONST> 7.530686e+01
<STATE> 3
<MEAN> 13
 4.730649e+00 -1.450207e+01 -6.885561e+00 -8.466492e+00 -6.942039e-01 -9.575920e-01 -5.230757e+00 -3.715807e+00 -1.988051e+00 7.771022e+00 -6.597343e+00 -9.386479e+00 7.000403e+01
<VARIANCE> 13
 1.297518e+01 3.371272e+01 2.472184e+01 4.060062e+01 5.102534e+01 4.760268e+01 3.854016e+01 6.647348e+01 7.028490e+01 4.245753e+01 7.773515e+01 3.991094e+01 4.189558e+01
<GCONST> 7.230471e+01
<STATE> 4
<MEAN> 13
 -1.630854e-01 -4.844395e+00 -5.116681e+00 -4.283252e+00 7.782391e-01 -5.173380e+00 -6.065933e+00 -4.367584e+00 3.584154e+00 5.069122e+00 -4.434016e+00 -6.690433e+00 6.328677e+01
<VARIANCE> 13
 2.970924e+01 4.082491e+01 2.966257e+01 4.555447e+01 8.473573e+01 8.461623e+01 6.406390e+01 7.210695e+01 8.586243e+01 5.229432e+01 5.137917e+01 5.239866e+01 5.992447e+01
<GCONST> 7.591847e+01
<TRANSP> 5
 0.000000e+00 1.000000e+00 0.000000e+00 0.000000e+00 0.000000e+00
 0.000000e+00 7.856061e-01 2.143939e-01 0.000000e+00 0.000000e+00
 0.000000e+00 0.000000e+00 8.244699e-01 1.755301e-01 0.000000e+00
 0.000000e+00 0.000000e+00 0.000000e+00 6.352491e-01 3.647509e-01
 0.000000e+00 0.000000e+00 0.000000e+00 0.000000e+00 0.000000e+00
<ENDHMM>
~h "ay"
<BEGINHMM>
<NUMSTATES> 5
<STATE> 2
<MEAN> 13
 -1.416029e+01 2.192441e+00 -5.534729e+00 9.572064e+00 5.976726e+00 -7.424889e+00 7.307245e+00 1.824215e+00 5.478783e+00 -4.602841e-01 -7.499476e-01 -1.435805e+00 6.170757e+01
<VARIANCE> 13
 4.709389e+01 5.355917e+01 3.235660e+01 7.890605e+01 4.277011e+01 2.362540e+01 4.112507e+01 3.598056e+01 4.511370e+01 3.374599e+01 2.019924e+01 2.804744e+01 3.270964e+01
<GCONST> 7.094343e+01
<STATE> 3
<MEAN> 13
 -8.327373e+00 -5.442552e+00 -4.054752e+00 -5.514360e+00 5.169622e+00 -1.737132e+00 4.299606e-01 -5.251608e+00 2.501674e+00 -2.374341e+00 -4.990726e+00 -7.109876e+00 6.010410e+01
<VARIANCE> 13
 1.544480e+02 6.209724e+01 4.574475e+01 6.381777e+01 8.257108e+01 5.628104e+01 4.156164e+01 6.992084e+01 1.429813e+02 5.757138e+01 7.507928e+01 1.355116e+02 7.238757e+01
<GCONST> 7.998401e+01
<STATE> 4
<MEAN> 13
 6.859929e-01 -1.211667e+01 4.919510e+00 -1.714371e+01 4.430742e+00 -1.498573e+01 7.234319e+00 9.765934e-01 2.106649e+00 1.391405e-01 -1.161117e+01 3.624535e+00 6.998932e+01
<VARIANCE> 13
 9.599080e+00 1.781474e+01 8.668806e+01 2.910956e+01 8.960251e+01 5.031976e+01 3.728178e+01 3.465099e+01 6.019751e+01 4.429137e+01 4.821698e+01 3.270879e+01 1.755610e+01
<GCONST> 7.056226e+01
<TRANSP> 5
 0.000000e+00 1.000000e+00 0.000000e+00 0.000000e+00 0.000000e+00
 0.000000e+00 6.724419e-01 3.275581e-01 0.000000e+00 0.000000e+00
 0.000000e+00 0.000000e+00 3.503889e-01 6.496111e-01 0.000000e+00
 0.000000e+00 0.000000e+00 0.000000e+00 8.667841e-01 1.332159e-01
 0.000000e+00 0.000000e+00 0.000000e+00 0.000000e+00 0.000000e+00
<ENDHMM>
~h "eh"
<BEGINHMM>
<NUMSTATES> 5
<STATE> 2
<MEAN> 13
 1.896571e+00 -7.753854e+00 2.474255e+00 2.985451e+00 -8.116826e+00 -1.161469e+01 -9.593065e+00 1.073927e+00 1.768371e+00 -1.009752e+00 -4.325864e+00 -6.377227e+00 6.393760e+01
<VARIANCE> 13
 7.848887e+00 1.673045e+02 1.610062e+01 6.463709e+01 1.021173e+02 3.427595e+01 2.748838e+01 7.449385e+01 4.533576e+01 5.368766e+01 6.684829e+01 7.247461e+01 1.230984e+02
<GCONST> 7.490120e+01
<STATE> 3
<MEAN> 13
 4.077647e+00 -1.117912e+01 7.084053e+00 -6.287772e+00 -5.123767e+00 -1.204565e+01 -1.340271e+01 -3.550256e+00 -4.113457e+00 4.003456e+00 -3.588487e+00 -2.311793e+00 6.807426e+01
<VARIANCE> 13
 5.551303e+00 1.327759e+01 2.702978e+01 5.818925e+01 8.003352e+01 1.109476e+02 6.339346e+01 2.213279e+02 4.727632e+01 2.188017e+01 3.913499e+01 9.230268e+01 1.286444e+01
<GCONST> 7.188181e+01
<STATE> 4
<MEAN> 13
 6.163046e+00 -4.169754e+00 -1.993354e+00 -7.700173e+00 8.143650e-01 -1.700459e+00 -1.432738e+01 -1.134669e+01 -7.176704e+00 9.076125e+00 1.079340e+00 -1.146628e+00 6.241816e+01
<VARIANCE> 13
 9.943207e+00 3.840529e+01 2.091081e+01 6.638628e+01 9.361436e+01 8.527115e+01 2.403996e+01 3.572956e+01 4.004953e+01 5.140107e+01 8.842899e+01 2.367124e+01 3.075426e+01
<GCONST> 7.151622e+01
<TRANSP> 5
 0.000000e+00 1.000000e+00 0.000000e+00 0.000000e+00 0.000000e+00
 0.000000e+00 9.194449e-01 8.055515e-02 0.000000e+00 0.000000e+00
 0.000000e+00 0.000000e+00 8.729234e-01 1.270766e-01 0.000000e+00
 0.000000e+00 0.000000e+00 0.000000e+00 8.604036e-01 1.395964e-01
 0.000000e+00 0.000000e+00 0.000000e+00 0.000000e+00 0.000000e+00
<ENDHMM>
~h "hh"
<BEGINHMM>
<NUMSTATES> 5
<STATE> 2
<MEAN> 13
 1.922576e+00 -7.954091e+00 1.688192e+00 -5.875811e+00 4.225025e+00 -1.643264e+01 -2.810601e+00 6.354361e+00 2.118975e+00 5.563450e-01 -1.496210e+01 2.181067e+00 6.450220e+01
<VARIANCE> 13
 5.872742e+00 8.091899e+01 2.902334e+01 1.716486e+02 7.115221e+01 8.734283e+01 9.632644e+01 7.023670e+01 4.064790e+01 3.966039e+01 2.699165e+01 7.393758e+01 7.881173e+01
<GCONST> 7.547510e+01
<STATE> 3
<MEAN> 13
 7.707430e-01 -1.587283e+01 -1.241155e+01 -4.333406e+00 -3.027432e-01 -2.590438e+00 -7.187255e+00 4.026214e+00 -1.694933e+00 -2.358389e+00 -1.555044e+01 -9.715006e+00 7.598257e+01
<VARIANCE> 13
 5.988248e+00 1.767893e+01 2.212737e+01 4.871888e+01 3.383721e+01 2.113171e+01 2.469858e+01 4.420375e+01 1.213991e+01 2.001410e+01 1.585400e+01 2.252722e+01 8.962792e+00
<GCONST> 6.266951e+01
<STATE> 4
<MEAN> 13
 1.606883e+00 -1.504927e+01 -2.283204e+00 -9.428535e+00 1.530596e+01 -4.973713e+00 9.210369e+00 -3.980238e+00 3.408942e+00 5.817518e+00 -1.942434e+01 1.171109e+00 6.883615e+01
<VARIANCE> 13
 9.369993e+00 1.198385e+01 1.748913e+01 6.119740e+01 4.254684e+01 5.688037e+01 4.730070e+01 4.481065e+01 5.765620e+01 3.250731e+01 4.034960e+01 2.449296e+01 1.969392e+01
<GCONST> 6.845193e+01
<TRANSP> 5
 0.000000e+00 1.000000e+00 0.000000e+00 0.000000e+00 0.000000e+00
 0.000000e+00 8.216814e-01 1.783186e-01 0.000000e+00 0.000000e+00
 0.000000e+00 0.000000e+00 9.069858e-01 9.301416e-02 0.000000e+00
 0.000000e+00 0.000000e+00 0.000000e+00 9.079343e-01 9.206564e-02
 0.000000e+00 0.000000e+00 0.000000e+00 0.000000e+00 0.000000e+00
<ENDHMM>
~h "ih"
<BEGINHMM>
<NUMSTATES> 5
<STATE> 2
<MEAN> 13
 3.192841e+00 7.617922e+00 5.141699e+00 -5.182227e+00 -9.227635e+00 1.026816e+00 -2.918113e+00 -9.059713e+00 -1.362036e+01 -9.586654e-01 -4.975204e+00 -6.044464e-01 5.264960e+01
<VARIANCE> 13
 5.375492e+01 1.500669e+02 1.962408e+02 1.277914e+02 6.724603e+01 9.374503e+01 1.101671e+02 5.708269e+01 7.114852e+01 9.109464e+01 5.640954e+01 3.526112e+01 9.051168e+01
<GCONST> 8.139067e+01
<STATE> 3
<MEAN> 13
 -2.862941e+00 -7.777651e+00 9.103925e+00 -6.630214e-01 -1.631874e+01 -8.871243e+00 -7.521795e+00 -4.674642e+00 -8.256249e+00 -3.706427e+00 6.483279e+00 -6.337310e+00 6.350996e+01
<VARIANCE> 13
 1.756004e+01 9.597060e+01 8.184871e+01 3.118321e+01 9.513295e+01 5.055982e+01 6.756333e+01 6.123709e+01 5.893663e+01 7.176944e+01 5.047533e+01 5.621066e+01 6.788209e+01
<GCONST> 7.649136e+01
<STATE> 4
<MEAN> 13
 -1.270683e+01 2.632283e+00 2.704146e-01 2.007402e+00 -3.069271e+00 -1.077406e+00 -2.967185e+00 -3.224481e+00 -3.004860e+00 -3.007091e+00 3.700694e-01 -5.761672e-01 4.435022e+01
<VARIANCE> 13
 6.573535e+01 1.119714e+02 4.576314e+01 9.545312e+01 6.816506e+01 8.220961e+01 8.284197e+01 1.201259e+02 6.033060e+01 6.864728e+01 3.772029e+01 3.943341e+01 2.657430e+02
<GCONST> 8.023123e+01
<TRANSP> 5
 0.000000e+00 1.000000e+00 0.000000e+00 0.000000e+00 0.000000e+00
 0.000000e+00 7.284214e-01 2.715786e-01 0.000000e+00 0.000000e+00
 0.000000e+00 0.000000e+00 7.373602e-01 2.626398e-01 0.000000e+00
 0.000000e+00 0.000000e+00 0.000000e+00 6.775699e-01 3.224301e-01
 0.000000e+00 0.000000e+00 0.000000e+00 0.000000e+00 0.000000e+00
<ENDHMM>
~h "iy"
<BEGINHMM>
<NUMSTATES> 5
<STATE> 2
<MEAN> 13
 2.250797e+00 -9.761887e+00 1.677070e+01 -7.645775e+00 -1.231378e+01 -1.297773e+01 -4.764078e+00 -6.178631e+00 -1.587389e+01 7.489062e+00 2.386892e-02 -1.465819e-01 6.824226e+01
<VARIANCE> 13
 8.360641e+00 2.343033e+01 6.530607e+01 3.120959e+01 3.321057e+01 2.741944e+01 3.444735e+01 4.627922e+01 8.343533e+01 5.364754e+01 7.986900e+01 3.109266e+01 1.230722e+01
<GCONST> 6.971208e+01
<STATE> 3
<MEAN> 13
 -3.083421e+00 -1.181794e+01 1.473496e+01 -5.783796e-01 -2.398974e+01 -1.246339e+01 -1.303871e+01 -8.238377e+00 -7.567865e+00 -6.496780e+00 1.346318e+01 -4.345940e+00 6.888194e+01
<VARIANCE> 13
 5.123843e+00 5.416850e+01 2.584729e+01 2.119289e+01 3.120633e+01 1.595018e+01 2.768893e+01 4.988342e+01 5.285896e+01 5.542491e+01 6.459531e+01 9.281690e+01 7.517316e+00
<GCONST> 6.796373e+01
<STATE> 4
<MEAN> 13
 -2.276014e+00 -1.637336e+00 1.092616e+01 -3.593673e-01 -1.086863e+01 -1.079665e+01 -5.121826e+00 -6.907106e+00 -8.682692e+00 9.076399e-02 1.576952e+00 -2.497609e-01 6.052073e+01
<VARIANCE> 13
 3.618344e+01 3.277994e+01 7.077579e+01 3.531154e+01 4.366187e+01 4.433372e+01 5.238036e+01 4.300933e+01 6.195996e+01 5.979961e+01 6.744382e+01 3.592421e+01 2.363522e+01
<GCONST> 7.325565e+01
<TRANSP> 5
 0.000000e+00 1.000000e+00 0.000000e+00 0.000000e+00 0.000000e+00
 0.000000e+00 8.395326e-01 1.604674e-01 0.000000e+00 0.000000e+00
 0.000000e+00 0.000000e+00 8.890982e-01 1.109018e-01 0.000000e+00
 0.000000e+00 0.000000e+00 0.000000e+00 6.539475e-01 3.460526e-01
 0.000000e+00 0.000000e+00 0.000000e+00 0.000000e+00 0.000000e+00
<ENDHMM>
~h "ng"
<BEGINHMM>
<NUMSTATES> 5
<STATE> 2
<MEAN> 13
 -5.696880e+00 -1.869451e+00 -1.272090e+01 3.225019e+00 -3.374278e+00 5.448359e+00 -7.719564e+00 -4.342159e+00 -4.183211e+00 -6.592742e+00 -6.908169e+00 -6.429011e+00 4.375887e+01
<VARIANCE> 13
 4.325443e+01 5.282139e+01 3.085839e+01 2.311840e+01 5.206419e+01 4.508961e+01 2.461736e+01 2.591746e+01 3.045388e+01 2.496495e+01 1.726004e+01 2.760772e+01 6.249513e+01
<GCONST> 6.935121e+01
<STATE> 3
<MEAN> 13
 -3.401489e+00 7.773089e+00 -2.509785e+00 1.226339e+01 -1.503716e+00 1.223838e+01 -1.289407e+00 -5.029444e-01 2.963710e-01 -1.459563e+00 -1.546071e+00 5.852380e-01 4.628284e+01
<VARIANCE> 13
 3.534400e+01 1.025872e+02 3.494945e+01 3.974689e+01 1.071920e+02 5.650191e+01 3.686044e+01 3.185728e+01 2.941367e+01 4.189746e+01 1.895818e+01 2.546933e+01 1.419290e+02
<GCONST> 7.335371e+01
<STATE> 4
<MEAN> 13
 -1.493251e+01 5.757357e+00 -9.019096e+00 7.641423e+00 -5.471997e+00 2.467179e+00 -8.178464e+00 -2.765363e+00 -3.434867e+00 -6.774534e+00 -3.799556e+00 -4.467144e+00 3.226453e+01
<VARIANCE> 13
 2.685829e+01 1.757421e+01 3.154814e+01 3.901096e+01 4.148289e+01 5.062268e+01 5.822733e+01 5.655921e+01 3.359620e+01 2.742491e+01 3.649775e+01 2.472035e+01 4.876042e+01
<GCONST> 7.043175e+01
<TRANSP> 5
 0.000000e+00 1.000000e+00 0.000000e+00 0.000000e+00 0.000000e+00
 0.000000e+00 8.725196e-01 1.274804e-01 0.000000e+00 0.000000e+00
 0.000000e+00 0.000000e+00 7.712595e-01 2.287405e-01 0.000000e+00
 0.000000e+00 0.000000e+00 0.000000e+00 9.222545e-01 7.774548e-02
 0.000000e+00 0.000000e+00 0.000000e+00 0.000000e+00 0.000000e+00
<ENDHMM>
~h "oh"
<BEGINHMM>
<NUMSTATES> 5
<STATE> 2
<MEAN> 13
 4.700140e+00 -1.618753e+01 -1.172464e+01 -1.981924e+01 -4.539158e+00 9.125343e+00 1.573494e+00 -1.325720e+01 1.339488e+00 1.578393e+00 2.825434e+00 -7.548718e+00 7.211426e+01
<VARIANCE> 13
 1.016295e+01 6.230527e+01 1.827825e+01 7.456224e+01 1.003853e+02 1.274361e+02 4.852626e+01 5.447580e+01 1.360595e+02 5.348456e+01 8.031821e+01 6.964573e+01 1.364391e+01
<GCONST> 7.503224e+01
<STATE> 3
<MEAN> 13
 4.027418e+00 -1.930379e+01 -1.362802e+01 -1.006905e+01 -7.292654e+00 5.087263e+00 -7.867028e+00 -4.139240e+00 2.295360e+00 4.314511e+00 -1.827180e+00 -1.361817e+01 7.218178e+01
<VARIANCE> 13
 5.575478e+00 6.319049e+01 1.134806e+01 4.185825e+01 4.314366e+01 6.548856e+01 3.430370e+01 3.798766e+01 7.208755e+01 3.578410e+01 3.576686e+01 7.385520e+01 2.112904e+01
<GCONST> 6.982436e+01
<STATE> 4
<MEAN> 13
 7.928233e+00 -7.038915e+00 -6.743428e+00 9.470750e+00 -2.268438e+01 2.178722e+00 -6.660322e+00 -1.036172e-01 4.600651e+00 -1.093501e+01 -5.013405e+00 2.956947e+00 6.835747e+01
<VARIANCE> 13
 1.851568e+01 1.923298e+01 3.886088e+01 5.612091e+01 1.075549e+02 1.063835e+02 2.372070e+01 3.191343e+01 2.903470e+01 8.068317e+01 1.934093e+01 3.671698e+01 1.682005e+01
<GCONST> 7.057663e+01
<TRANSP> 5
 0.000000e+00 1.000000e+00 0.000000e+00 0.000000e+00 0.000000e+00
 0.000000e+00 9.104706e-01 8.952944e-02 0.000000e+00 0.000000e+00
 0.000000e+00 0.000000e+00 8.986101e-01 1.013899e-01 0.000000e+00
 0.000000e+00 0.000000e+00 0.000000e+00 8.680357e-01 1.319643e-01
 0.000000e+00 0.000000e+00 0.000000e+00 0.000000e+00 0.000000e+00
<ENDHMM>
~h "sp"
<BEGINHMM>
<NUMSTATES> 5
<STATE> 2
~s "silst"
<STATE> 3
<MEAN> 13
 -8.861578e+00 1.689257e+00 -1.428690e+00 1.734139e+00 2.363858e+00 1.311027e+00 1.902645e+00 4.029643e-01 2.182424e+00 -1.179641e+00 6.197161e-01 -1.187597e+00 5.075737e+01
<VARIANCE> 13
 2.093300e+01 8.402652e+00 1.241524e+01 1.178995e+01 1.498604e+01 1.389368e+01 1.742790e+01 1.220474e+01 1.390060e+01 1.048622e+01 1.031728e+01 9.275875e+00 5.061716e+01
<GCONST> 5.821442e+01
<STATE> 4
<MEAN> 13
 -2.490266e+01 3.132784e+00 -9.938063e+00 4.856347e+00 -7.158361e+00 5.163908e+00 -3.835684e+00 1.136757e+00 1.084759e+00 -1.492576e+00 8.192068e-01 -7.795203e-01 2.473973e+01
<VARIANCE> 13
 2.245400e+01 4.709069e+00 6.601575e+00 7.459795e+00 1.140796e+01 9.507609e+00 1.333058e+01 1.436695e+01 1.534329e+01 1.372878e+01 1.283633e+01 1.036696e+01 3.074544e+01
<GCONST> 5.605841e+01
<TRANSP> 5
 0.000000e+00 7.000000e-01 3.000000e-01 0.000000e+00 0.000000e+00
 0.000000e+00 7.499560e-01 2.500440e-01 0.000000e+00 0.000000e+00
 0.000000e+00 0.000000e+00 8.696231e-01 1.303769e-01 0.000000e+00
 0.000000e+00 0.000000e+00 0.000000e+00 9.336296e-01 6.637038e-02
 0.000000e+00 0.000000e+00 0.000000e+00 0.000000e+00 0.000000e+00
<ENDHMM>
~h "uh"
<BEGINHMM>
<NUMSTATES> 5
<STATE> 2
<MEAN> 13
 -9.122484e+00 4.123598e+00 -3.282092e+00 -2.110863e+00 -1.577259e+00 1.942185e+00 -5.376114e+00 -4.531366e+00 -2.712648e+00 -5.447565e+00 -1.372009e+00 -2.428519e+00 4.710845e+01
<VARIANCE> 13
 9.499740e+01 4.046518e+01 4.852089e+01 8.689672e+01 4.337225e+01 3.389979e+01 4.319917e+01 5.057983e+01 3.317213e+01 2.566789e+01 3.266192e+01 1.924289e+01 1.589504e+02
<GCONST> 7.373491e+01
<STATE> 3
<MEAN> 13
 -1.128151e+00 3.563767e+00 -4.950161e+00 -7.745358e+00 -7.268350e+00 7.480686e-01 -7.262364e+00 -7.442070e+00 -6.213947e+00 -2.397944e+00 3.822504e-01 -2.277770e+00 5.424295e+01
<VARIANCE> 13
 9.661375e+01 5.581900e+01 2.337240e+01 9.494627e+01 4.438372e+01 4.018203e+01 3.599700e+01 4.248127e+01 4.918136e+01 2.690365e+01 3.200591e+01 2.883420e+01 1.964778e+02
<GCONST> 7.430470e+01
<STATE> 4
<MEAN> 13
 -1.413343e+00 2.959261e+00 -1.421866e+00 -2.856032e+00 -6.479460e+00 -1.536077e+00 -1.224517e+01 -1.217576e+01 -6.810840e+00 -1.926595e+00 -9.102976e-01 -5.281454e+00 5.470240e+01
<VARIANCE> 13
 6.885014e+01 6.619574e+01 3.829113e+01 7.750984e+01 3.881271e+01 5.604604e+01 5.670454e+01 4.364217e+01 5.058127e+01 5.010164e+01 4.658504e+01 3.949507e+01 2.115296e+02
<GCONST> 7.652083e+01
<TRANSP> 5
 0.000000e+00 1.000000e+00 0.000000e+00 0.000000e+00 0.000000e+00
 0.000000e+00 6.323724e-01 3.676276e-01 0.000000e+00 0.000000e+00
 0.000000e+00 0.000000e+00 3.758435e-01 6.241565e-01 0.000000e+00
 0.000000e+00 0.000000e+00 0.000000e+00 6.565292e-01 3.434708e-01
 0.000000e+00 0.000000e+00 0.000000e+00 0.000000e+00 0.000000e+00
<ENDHMM>
~h "uw"
<BEGINHMM>
<NUMSTATES> 5
<STATE> 2
<MEAN> 13
 4.237635e+00 -5.168925e+00 -5.140421e+00 -1.311938e+01 -8.546031e+00 2.939171e+00 -1.605914e+01 -1.631761e+01 -2.101922e+00 -1.541729e+00 6.434928e+00 -2.247723e+00 6.698440e+01
<VARIANCE> 13
 1.923486e+01 4.371562e+01 1.182973e+01 6.348739e+01 5.117234e+01 2.912473e+01 3.603893e+01 3.963696e+01 1.161074e+02 2.744551e+01 4.595790e+01 4.141455e+01 4.920936e+01
<GCONST> 7.133359e+01
<STATE> 3
<MEAN> 13
 6.253858e+00 2.299851e-02 -6.646378e+00 -1.650505e+01 -1.315080e+01 2.812730e+00 -1.027214e+01 -1.046811e+01 -6.802207e+00 -5.057799e+00 2.776577e+00 -1.783853e+00 6.316025e+01
<VARIANCE> 13
 2.787810e+01 3.599146e+01 1.856227e+01 7.469798e+01 4.970452e+01 5.975448e+01 3.752692e+01 4.937759e+01 8.261667e+01 3.903540e+01 4.331835e+01 6.381940e+01 5.594494e+01
<GCONST> 7.358669e+01
<STATE> 4
<MEAN> 13
 5.769173e+00 -6.290460e+00 -8.195017e+00 -1.888290e+01 -4.118664e+00 8.819213e+00 -6.191369e+00 -1.142299e+01 -3.090832e+00 4.484665e+00 8.898125e-01 -3.111499e+00 6.488396e+01
<VARIANCE> 13
 3.845453e+01 1.310627e+02 3.306175e+01 1.756362e+02 9.701787e+01 7.387683e+01 4.140279e+01 4.385246e+01 1.375479e+02 1.501972e+02 1.147592e+02 1.257449e+02 1.020046e+02
<GCONST> 8.160385e+01
<TRANSP> 5
 0.000000e+00 1.000000e+00 0.000000e+00 0.000000e+00 0.000000e+00
 0.000000e+00 8.041054e-01 1.958946e-01 0.000000e+00 0.000000e+00
 0.000000e+00 0.000000e+00 8.164175e-01 1.835825e-01 0.000000e+00
 0.000000e+00 0.000000e+00 0.000000e+00 7.164699e-01 2.835301e-01
 0.000000e+00 0.000000e+00 0.000000e+00 0.000000e+00 0.000000e+00
<ENDHMM>
~h "sil"
<BEGINHMM>
<NUMSTATES> 5
<STATE> 2
<MEAN> 13
 -1.223278e+01 2.987624e+00 -5.795447e+00 7.223098e+00 -4.213680e-01 3.917837e+00 -4.212733e+00 -1.287253e+00 -4.438297e-01 -3.231370e+00 -2.691221e+00 -3.176365e+00 3.970896e+01
<VARIANCE> 13
 4.874763e+01 3.780413e+01 3.968212e+01 3.115363e+01 3.833728e+01 4.200630e+01 4.271117e+01 2.904088e+01 2.994293e+01 2.910056e+01 2.522762e+01 1.818077e+01 1.349391e+02
<GCONST> 7.084190e+01
<STATE> 3
~s "silst"
<STATE> 4
<MEAN> 13
 -2.490266e+01 3.132784e+00 -9.938063e+00 4.856347e+00 -7.158361e+00 5.163908e+00 -3.835684e+00 1.136757e+00 1.084759e+00 -1.492576e+00 8.192068e-01 -7.795203e-01 2.473973e+01
<VARIANCE> 13
 2.245400e+01 4.709069e+00 6.601575e+00 7.459795e+00 1.140796e+01 9.507609e+00 1.333058e+01 1.436695e+01 1.534329e+01 1.372878e+01 1.283633e+01 1.036696e+01 3.074544e+01
<GCONST> 5.605841e+01
<TRANSP> 5
 0.000000e+00 1.000000e+00 0.000000e+00 0.000000e+00 0.000000e+00
 0.000000e+00 5.999649e-01 2.000352e-01 2.000000e-01 0.000000e+00
 0.000000e+00 0.000000e+00 8.696231e-01 1.303769e-01 0.000000e+00
 0.000000e+00 2.000000e-01 0.000000e+00 7.469037e-01 5.309630e-02
 0.000000e+00 0.000000e+00 0.000000e+00 0.000000e+00 0.000000e+00
<ENDHMM>
