~o
<STREAMINFO> 1 13
<VECSIZE> 13<NULLD><MFCC_0><DIAGC>
~t "T_b"
<TRANSP> 5
 0.000000e+00 1.000000e+00 0.000000e+00 0.000000e+00 0.000000e+00
 0.000000e+00 8.482867e-01 1.517132e-01 0.000000e+00 0.000000e+00
 0.000000e+00 0.000000e+00 7.886685e-01 2.113315e-01 0.000000e+00
 0.000000e+00 0.000000e+00 0.000000e+00 7.961410e-01 2.038589e-01
 0.000000e+00 0.000000e+00 0.000000e+00 0.000000e+00 0.000000e+00
~t "T_d"
<TRANSP> 5
 0.000000e+00 1.000000e+00 0.000000e+00 0.000000e+00 0.000000e+00
 0.000000e+00 4.200014e-01 5.799986e-01 0.000000e+00 0.000000e+00
 0.000000e+00 0.000000e+00 1.581893e-01 8.418108e-01 0.000000e+00
 0.000000e+00 0.000000e+00 0.000000e+00 1.777981e-02 9.822202e-01
 0.000000e+00 0.000000e+00 0.000000e+00 0.000000e+00 0.000000e+00
~t "T_g"
<TRANSP> 5
 0.000000e+00 1.000000e+00 0.000000e+00 0.000000e+00 0.000000e+00
 0.000000e+00 7.500508e-01 2.499492e-01 0.000000e+00 0.000000e+00
 0.000000e+00 0.000000e+00 8.160986e-01 1.839014e-01 0.000000e+00
 0.000000e+00 0.000000e+00 0.000000e+00 8.534842e-01 1.465158e-01
 0.000000e+00 0.000000e+00 0.000000e+00 0.000000e+00 0.000000e+00
~t "T_j"
<TRANSP> 5
 0.000000e+00 1.000000e+00 0.000000e+00 0.000000e+00 0.000000e+00
 0.000000e+00 8.834776e-01 1.165224e-01 0.000000e+00 0.000000e+00
 0.000000e+00 0.000000e+00 8.531560e-01 1.468440e-01 0.000000e+00
 0.000000e+00 0.000000e+00 0.000000e+00 8.361444e-01 1.638555e-01
 0.000000e+00 0.000000e+00 0.000000e+00 0.000000e+00 0.000000e+00
~t "T_k"
<TRANSP> 5
 0.000000e+00 1.000000e+00 0.000000e+00 0.000000e+00 0.000000e+00
 0.000000e+00 5.131105e-01 4.868895e-01 0.000000e+00 0.000000e+00
 0.000000e+00 0.000000e+00 2.943234e-01 7.056766e-01 0.000000e+00
 0.000000e+00 0.000000e+00 0.000000e+00 6.566716e-01 3.433284e-01
 0.000000e+00 0.000000e+00 0.000000e+00 0.000000e+00 0.000000e+00
~t "T_l"
<TRANSP> 5
 0.000000e+00 1.000000e+00 0.000000e+00 0.000000e+00 0.000000e+00
 0.000000e+00 8.944665e-01 1.055335e-01 0.000000e+00 0.000000e+00
 0.000000e+00 0.000000e+00 8.666978e-01 1.333022e-01 0.000000e+00
 0.000000e+00 0.000000e+00 0.000000e+00 3.973993e-01 6.026007e-01
 0.000000e+00 0.000000e+00 0.000000e+00 0.000000e+00 0.000000e+00
~t "T_m"
<TRANSP> 5
 0.000000e+00 1.000000e+00 0.000000e+00 0.000000e+00 0.000000e+00
 0.000000e+00 6.474818e-01 3.525182e-01 0.000000e+00 0.000000e+00
 0.000000e+00 0.000000e+00 6.244791e-01 3.755208e-01 0.000000e+00
 0.000000e+00 0.000000e+00 0.000000e+00 7.145750e-01 2.854250e-01
 0.000000e+00 0.000000e+00 0.000000e+00 0.000000e+00 0.000000e+00
~t "T_n"
<TRANSP> 5
 0.000000e+00 1.000000e+00 0.000000e+00 0.000000e+00 0.000000e+00
 0.000000e+00 7.458658e-01 2.541342e-01 0.000000e+00 0.000000e+00
 0.000000e+00 0.000000e+00 8.103545e-01 1.896454e-01 0.000000e+00
 0.000000e+00 0.000000e+00 0.000000e+00 7.780323e-01 2.219677e-01
 0.000000e+00 0.000000e+00 0.000000e+00 0.000000e+00 0.000000e+00
~t "T_p"
<TRANSP> 5
 0.000000e+00 1.000000e+00 0.000000e+00 0.000000e+00 0.000000e+00
 0.000000e+00 6.431304e-01 3.568697e-01 0.000000e+00 0.000000e+00
 0.000000e+00 0.000000e+00 5.967051e-01 4.032949e-01 0.000000e+00
 0.000000e+00 0.000000e+00 0.000000e+00 1.500075e-01 8.499925e-01
 0.000000e+00 0.000000e+00 0.000000e+00 0.000000e+00 0.000000e+00
~t "T_r"
<TRANSP> 5
 0.000000e+00 1.000000e+00 0.000000e+00 0.000000e+00 0.000000e+00
 0.000000e+00 5.258597e-01 4.741403e-01 0.000000e+00 0.000000e+00
 0.000000e+00 0.000000e+00 5.513741e-01 4.486259e-01 0.000000e+00
 0.000000e+00 0.000000e+00 0.000000e+00 5.980408e-01 4.019592e-01
 0.000000e+00 0.000000e+00 0.000000e+00 0.000000e+00 0.000000e+00
~t "T_s"
<TRANSP> 5
 0.000000e+00 1.000000e+00 0.000000e+00 0.000000e+00 0.000000e+00
 0.000000e+00 2.585036e-01 7.414964e-01 0.000000e+00 0.000000e+00
 0.000000e+00 0.000000e+00 7.368701e-01 2.631299e-01 0.000000e+00
 0.000000e+00 0.000000e+00 0.000000e+00 8.278324e-01 1.721676e-01
 0.000000e+00 0.000000e+00 0.000000e+00 0.000000e+00 0.000000e+00
~t "T_t"
<TRANSP> 5
 0.000000e+00 1.000000e+00 0.000000e+00 0.000000e+00 0.000000e+00
 0.000000e+00 7.041607e-01 2.958393e-01 0.000000e+00 0.000000e+00
 0.000000e+00 0.000000e+00 6.966084e-01 3.033916e-01 0.000000e+00
 0.000000e+00 0.000000e+00 0.000000e+00 5.497982e-01 4.502018e-01
 0.000000e+00 0.000000e+00 0.000000e+00 0.000000e+00 0.000000e+00
~t "T_w"
<TRANSP> 5
 0.000000e+00 1.000000e+00 0.000000e+00 0.000000e+00 0.000000e+00
 0.000000e+00 8.628332e-01 1.371668e-01 0.000000e+00 0.000000e+00
 0.000000e+00 0.000000e+00 7.573348e-01 2.426652e-01 0.000000e+00
 0.000000e+00 0.000000e+00 0.000000e+00 7.166454e-01 2.833546e-01
 0.000000e+00 0.000000e+00 0.000000e+00 0.000000e+00 0.000000e+00
~t "T_ah"
<TRANSP> 5
 0.000000e+00 1.000000e+00 0.000000e+00 0.000000e+00 0.000000e+00
 0.000000e+00 5.789101e-01 4.210899e-01 0.000000e+00 0.000000e+00
 0.000000e+00 0.000000e+00 7.884026e-01 2.115974e-01 0.000000e+00
 0.000000e+00 0.000000e+00 0.000000e+00 6.878882e-01 3.121118e-01
 0.000000e+00 0.000000e+00 0.000000e+00 0.000000e+00 0.000000e+00
~t "T_ax"
<TRANSP> 5
 0.000000e+00 1.000000e+00 0.000000e+00 0.000000e+00 0.000000e+00
 0.000000e+00 5.393105e-01 4.606895e-01 0.000000e+00 0.000000e+00
 0.000000e+00 0.000000e+00 3.418183e-01 6.581817e-01 0.000000e+00
 0.000000e+00 0.000000e+00 0.000000e+00 3.330067e-01 6.669933e-01
 0.000000e+00 0.000000e+00 0.000000e+00 0.000000e+00 0.000000e+00
~t "T_ay"
<TRANSP> 5
 0.000000e+00 1.000000e+00 0.000000e+00 0.000000e+00 0.000000e+00
 0.000000e+00 7.988130e-01 2.011870e-01 0.000000e+00 0.000000e+00
 0.000000e+00 0.000000e+00 6.819640e-01 3.180360e-01 0.000000e+00
 0.000000e+00 0.000000e+00 0.000000e+00 9.127766e-01 8.722340e-02
 0.000000e+00 0.000000e+00 0.000000e+00 0.000000e+00 0.000000e+00
~t "T_eh"
<TRANSP> 5
 0.000000e+00 1.000000e+00 0.000000e+00 0.000000e+00 0.000000e+00
 0.000000e+00 8.279608e-01 1.720392e-01 0.000000e+00 0.000000e+00
 0.000000e+00 0.000000e+00 8.593401e-01 1.406599e-01 0.000000e+00
 0.000000e+00 0.000000e+00 0.000000e+00 7.142347e-01 2.857653e-01
 0.000000e+00 0.000000e+00 0.000000e+00 0.000000e+00 0.000000e+00
~t "T_hh"
<TRANSP> 5
 0.000000e+00 1.000000e+00 0.000000e+00 0.000000e+00 0.000000e+00
 0.000000e+00 8.042879e-01 1.957121e-01 0.000000e+00 0.000000e+00
 0.000000e+00 0.000000e+00 9.174156e-01 8.258447e-02 0.000000e+00
 0.000000e+00 0.000000e+00 0.000000e+00 9.354583e-01 6.454170e-02
 0.000000e+00 0.000000e+00 0.000000e+00 0.000000e+00 0.000000e+00
~t "T_ih"
<TRANSP> 5
 0.000000e+00 1.000000e+00 0.000000e+00 0.000000e+00 0.000000e+00
 0.000000e+00 7.691978e-01 2.308021e-01 0.000000e+00 0.000000e+00
 0.000000e+00 0.000000e+00 7.922383e-01 2.077617e-01 0.000000e+00
 0.000000e+00 0.000000e+00 0.000000e+00 4.296203e-01 5.703797e-01
 0.000000e+00 0.000000e+00 0.000000e+00 0.000000e+00 0.000000e+00
~t "T_iy"
<TRANSP> 5
 0.000000e+00 1.000000e+00 0.000000e+00 0.000000e+00 0.000000e+00
 0.000000e+00 7.752658e-01 2.247342e-01 0.000000e+00 0.000000e+00
 0.000000e+00 0.000000e+00 8.656391e-01 1.343609e-01 0.000000e+00
 0.000000e+00 0.000000e+00 0.000000e+00 4.832556e-01 5.167444e-01
 0.000000e+00 0.000000e+00 0.000000e+00 0.000000e+00 0.000000e+00
~t "T_ng"
<TRANSP> 5
 0.000000e+00 1.000000e+00 0.000000e+00 0.000000e+00 0.000000e+00
 0.000000e+00 7.567779e-01 2.432220e-01 0.000000e+00 0.000000e+00
 0.000000e+00 0.000000e+00 7.673363e-01 2.326637e-01 0.000000e+00
 0.000000e+00 0.000000e+00 0.000000e+00 7.884049e-01 2.115951e-01
 0.000000e+00 0.000000e+00 0.000000e+00 0.000000e+00 0.000000e+00
~t "T_oh"
<TRANSP> 5
 0.000000e+00 1.000000e+00 0.000000e+00 0.000000e+00 0.000000e+00
 0.000000e+00 8.683948e-01 1.316052e-01 0.000000e+00 0.000000e+00
 0.000000e+00 0.000000e+00 9.227225e-01 7.727754e-02 0.000000e+00
 0.000000e+00 0.000000e+00 0.000000e+00 7.707845e-02 9.229216e-01
 0.000000e+00 0.000000e+00 0.000000e+00 0.000000e+00 0.000000e+00
~t "T_uh"
<TRANSP> 5
 0.000000e+00 1.000000e+00 0.000000e+00 0.000000e+00 0.000000e+00
 0.000000e+00 3.316250e-01 6.683750e-01 0.000000e+00 0.000000e+00
 0.000000e+00 0.000000e+00 6.143830e-01 3.856170e-01 0.000000e+00
 0.000000e+00 0.000000e+00 0.000000e+00 6.834926e-01 3.165074e-01
 0.000000e+00 0.000000e+00 0.000000e+00 0.000000e+00 0.000000e+00
~t "T_uw"
<TRANSP> 5
 0.000000e+00 1.000000e+00 0.000000e+00 0.000000e+00 0.000000e+00
 0.000000e+00 3.930141e-01 6.069859e-01 0.000000e+00 0.000000e+00
 0.000000e+00 0.000000e+00 8.165137e-01 1.834863e-01 0.000000e+00
 0.000000e+00 0.000000e+00 0.000000e+00 7.113258e-01 2.886742e-01
 0.000000e+00 0.000000e+00 0.000000e+00 0.000000e+00 0.000000e+00
~s "ST_s_2_1"
<MEAN> 13
 -1.285378e+01 4.628767e+00 -3.644988e+00 1.026972e+00 1.117838e+01 -1.375373e+01 6.294056e+00 -1.058494e+00 5.322066e+00 -1.745072e+00 -1.819688e+00 6.337858e-01 5.893720e+01
<VARIANCE> 13
 8.219301e+01 7.614355e+01 9.255988e+01 1.232397e+02 1.080828e+02 6.194261e+01 1.003466e+02 3.989589e+01 3.302170e+01 4.771428e+01 7.881949e+01 3.794465e+01 1.215381e+02
<GCONST> 7.924600e+01
~s "ST_s_3_1"
<MEAN> 13
 -1.742281e+01 5.733998e+00 -7.054262e+00 1.059923e+01 4.868128e+00 -9.703499e+00 7.876720e+00 1.233369e+00 6.725039e+00 -6.112557e-02 1.146377e+00 -1.305539e+00 6.211782e+01
<VARIANCE> 13
 1.893602e+01 2.897059e+01 3.266727e+01 5.391161e+01 4.928916e+01 3.625662e+01 3.645984e+01 2.522063e+01 2.072725e+01 2.729564e+01 1.831893e+01 1.997193e+01 2.918964e+01
<GCONST> 6.759993e+01
~s "ST_s_4_1"
<MEAN> 13
 -2.676265e+01 7.704068e-01 -1.784135e+00 -2.242293e+00 1.708938e+01 -1.833889e+01 9.695827e+00 -9.926892e-01 7.636597e+00 -8.483594e+00 7.436171e-01 2.374164e+00 5.406099e+01
<VARIANCE> 13
 5.731451e+01 7.261549e+01 5.232508e+01 4.058852e+01 7.892085e+01 6.258978e+01 9.375187e+01 5.127986e+01 6.193933e+01 5.433803e+01 3.586354e+01 5.245728e+01 5.645683e+01
<GCONST> 7.656467e+01
~s "ST_oh_2_1"
<MEAN> 13
 3.039863e+00 -6.947696e+00 -8.883090e+00 -2.953289e+01 1.042965e+01 -3.873367e+00 6.392115e+00 -1.592976e+01 7.210627e+00 3.654471e+00 -8.995927e+00 7.561914e-01 7.078432e+01
<VARIANCE> 13
 3.765111e+00 1.902671e+01 1.966355e+01 5.713403e+01 5.897652e+01 5.319831e+01 5.736769e+01 6.230511e+01 7.722576e+01 7.707909e+01 4.961691e+01 5.652461e+01 2.445642e+01
<GCONST> 7.124834e+01
~s "ST_oh_3_1"
<MEAN> 13
 4.868351e+00 -1.445140e+01 -1.405526e+01 -8.334828e+00 -9.678854e+00 -1.219448e+00 -6.915818e+00 -3.376330e-01 -1.139532e+00 6.883454e+00 -6.036625e+00 -1.647341e+01 7.376599e+01
<VARIANCE> 13
 1.971638e+00 2.362530e+01 8.668984e+00 6.422434e+01 4.467290e+01 2.032068e+01 3.496610e+01 2.439325e+01 3.191115e+01 2.608866e+01 2.835727e+01 4.663105e+01 1.295274e+01
<GCONST> 6.408832e+01
~s "ST_oh_4_1"
<MEAN> 13
 4.066998e+00 -1.018777e+01 -9.698327e+00 -4.173473e+00 4.506045e+00 -7.894149e+00 -3.601233e+00 -3.105132e+00 6.038409e+00 -3.821003e-01 -2.930976e+00 -6.550392e+00 6.784925e+01
<VARIANCE> 13
 8.962238e+00 1.272950e+01 1.156340e+01 4.509527e+01 3.030298e+01 1.428510e+01 3.275764e+01 1.619179e+01 6.086316e+01 1.054233e+02 3.163342e+01 8.174335e+01 9.205717e+00
<GCONST> 6.607430e+01
~s "ST_uh_2_1"
<MEAN> 13
 -1.277948e+00 9.415346e+00 -4.853774e+00 -1.063792e+01 -5.374724e+00 1.256253e+00 -4.610732e+00 -3.619135e+00 -5.460727e+00 -6.090055e+00 -3.899652e+00 -1.945988e+00 4.948492e+01
<VARIANCE> 13
 6.799020e+01 1.961605e+01 2.737604e+01 6.338778e+01 3.731812e+01 4.083086e+01 2.573509e+01 3.030629e+01 2.350305e+01 3.201608e+01 2.571585e+01 2.258925e+01 1.384358e+02
<GCONST> 7.045354e+01
~s "ST_uh_3_1"
<MEAN> 13
 4.571318e+00 2.810405e+00 -4.145473e+00 -1.297032e+01 -9.770613e+00 -3.307740e-01 -1.006583e+01 -8.033711e+00 -1.100268e+01 3.464954e-03 2.116227e+00 -4.661395e+00 6.138597e+01
<VARIANCE> 13
 1.791300e+01 5.503654e+01 1.850900e+01 2.692726e+01 2.289665e+01 2.515255e+01 5.869564e+01 1.954554e+01 3.766595e+01 3.770438e+01 3.753151e+01 3.612958e+01 1.195333e+02
<GCONST> 6.965280e+01
~s "ST_uh_4_1"
<MEAN> 13
 9.515962e+00 7.490149e+00 -6.656921e+00 -2.358468e+01 -1.079461e+01 1.247522e+01 -1.094181e+01 -1.463656e+01 1.519376e+00 -1.138578e+01 -8.499745e-01 1.077911e+01 5.976488e+01
<VARIANCE> 13
 2.617834e+01 7.214047e+01 6.677380e+01 1.580764e+02 7.872694e+01 1.410662e+02 9.749272e+01 7.081615e+01 7.001566e+01 8.236204e+01 7.167428e+01 1.779750e+02 6.710336e+01
<GCONST> 8.117526e+01
~s "ST_uh_4_2"
<MEAN> 13
 -7.177267e+00 1.402799e+01 -4.187859e+00 -5.473508e-01 -8.210205e+00 -7.096185e-01 -1.351160e+01 -1.052328e+01 -9.789625e+00 -6.781425e+00 -2.977621e+00 -1.528759e+00 3.661414e+01
<VARIANCE> 13
 5.162223e+01 3.770169e+01 3.529433e+01 4.829404e+01 2.284983e+01 2.249791e+01 5.052419e+01 4.597375e+01 4.049799e+01 4.634313e+01 2.950324e+01 1.918761e+01 8.019975e+01
<GCONST> 7.116058e+01
~s "ST_l_2_1"
<MEAN> 13
 3.970366e+00 -1.659343e+01 -1.407952e+01 -1.009587e+01 -3.127825e+00 -3.887013e-03 -1.086310e+01 -1.149500e-02 -8.371113e-01 5.473631e+00 -1.136303e+01 -1.773900e+01 7.541322e+01
<VARIANCE> 13
 2.889707e+00 8.327556e+00 1.242019e+01 1.288083e+01 3.497158e+01 1.201051e+01 2.031974e+01 1.231279e+01 1.761143e+01 2.367614e+01 1.461086e+01 3.292205e+01 6.848933e+00
<GCONST> 5.784375e+01
~s "ST_l_3_1"
<MEAN> 13
 3.879043e+00 -1.227819e+01 -3.612723e+00 -2.056018e+01 1.730646e+01 -4.086370e+00 -5.143720e+00 -3.692868e+00 7.199106e+00 3.939949e+00 -2.045518e+01 1.617317e+00 7.072352e+01
<VARIANCE> 13
 4.397563e+00 1.412318e+01 1.652247e+01 1.705673e+01 4.566996e+01 1.337693e+01 3.049716e+01 2.287347e+01 2.213419e+01 3.648749e+01 2.987321e+01 3.010011e+01 6.377887e+00
<GCONST> 6.197354e+01
~s "ST_l_4_1"
<MEAN> 13
 6.742673e+00 -4.537575e+00 -6.485622e+00 -1.640661e+01 8.965509e+00 1.962048e+00 -1.007884e+01 -3.947952e+00 1.900503e+00 8.179364e+00 -1.325001e+01 -2.820222e+00 6.552586e+01
<VARIANCE> 13
 1.605356e+01 9.666259e+01 2.864314e+01 5.031322e+01 1.148543e+02 5.662162e+01 6.894746e+01 3.318295e+01 1.166374e+02 4.932810e+01 8.249562e+01 6.248257e+01 4.126473e+01
<GCONST> 7.595338e+01
~s "ST_b_2_1"
<MEAN> 13
 7.793719e+00 1.265327e+01 -7.552176e+00 3.700155e-01 -3.739536e+00 3.164313e+00 -7.463436e+00 -3.519290e+00 -4.686781e+00 -2.726735e+00 -6.200688e+00 -6.461827e+00 4.786251e+01
<VARIANCE> 13
 5.053145e+01 1.321907e+02 3.846999e+01 6.353074e+01 6.201786e+01 5.346131e+01 3.016520e+01 2.570701e+01 3.233526e+01 7.395036e+01 2.336212e+01 1.573448e+01 6.645034e+01
<GCONST> 7.314346e+01
~s "ST_b_3_1"
<MEAN> 13
 -6.016539e+00 1.555608e+00 -8.969394e+00 4.716234e-01 3.090314e+00 5.668024e+00 8.062181e-01 1.406339e+00 2.152077e+00 -1.294857e+00 -3.065093e+00 -4.319682e+00 4.664883e+01
<VARIANCE> 13
 5.668568e+01 6.353991e+01 5.924360e+01 2.399152e+01 2.004093e+01 1.055953e+02 2.696737e+01 1.890597e+01 4.814513e+01 3.347186e+01 1.910121e+01 6.047437e+01 1.229522e+02
<GCONST> 7.248114e+01
~s "ST_b_4_1"
<MEAN> 13
 -1.341016e+01 7.415459e+00 -5.254810e+00 5.881482e+00 -4.436351e+00 3.075812e+00 -6.163053e+00 -2.139531e-01 -3.359033e+00 -4.184264e+00 -1.852267e+00 -6.597057e+00 3.318990e+01
<VARIANCE> 13
 7.882706e+01 3.634051e+01 1.348641e+01 4.325794e+01 4.435930e+01 3.443414e+01 3.067199e+01 1.567075e+01 3.053995e+01 3.038242e+01 6.035668e+01 6.181676e+01 1.132368e+02
<GCONST> 7.151481e+01
~s "ST_r_2_1"
<MEAN> 13
 3.318392e+00 -9.483674e+00 -5.205902e+00 4.600862e-01 -4.630595e+00 -9.881339e+00 -5.371205e+00 2.374147e-01 3.600821e+00 6.308162e+00 -5.996445e+00 -1.062347e+01 6.619369e+01
<VARIANCE> 13
 8.358951e+00 2.290219e+01 3.427606e+01 2.854414e+01 6.519403e+01 2.487680e+01 3.534021e+01 3.836714e+01 2.988632e+01 6.268049e+01 2.991209e+01 7.383364e+01 1.790154e+01
<GCONST> 6.875681e+01
~s "ST_r_3_1"
<MEAN> 13
 1.963840e+00 -7.872731e+00 5.913879e-01 2.897578e+00 -2.881453e-03 -8.306889e+00 -2.372280e+00 4.617366e+00 1.383647e+00 1.439138e+00 -2.437929e+00 -3.414664e+00 6.199544e+01
<VARIANCE> 13
 1.952155e+01 5.946609e+01 3.992750e+01 4.701124e+01 4.729158e+01 3.053389e+01 6.036863e+01 6.784628e+01 2.811913e+01 4.596503e+01 6.033778e+01 5.952402e+01 2.485690e+01
<GCONST> 7.264346e+01
~s "ST_r_4_1"
<MEAN> 13
 -2.005728e+00 5.664992e-01 -2.418824e+00 2.220947e+01 4.645343e+00 -1.211310e+00 -1.135198e+00 1.085880e+01 1.359064e+00 -5.563723e+00 -4.408913e+00 -1.959279e+00 4.529830e+01
<VARIANCE> 13
 3.217682e+01 1.122823e+02 5.493558e+01 1.327960e+02 6.126325e+01 7.753252e+01 6.769785e+01 6.205689e+01 5.657775e+01 7.219805e+01 4.856144e+01 4.317693e+01 9.342330e+01
<GCONST> 7.828893e+01
~s "ST_r_4_2"
<MEAN> 13
 3.962982e+00 -1.152656e+01 2.230907e+00 -3.477315e+00 -6.841333e+00 -1.279171e+01 -7.342327e+00 2.763326e+00 -1.555775e+00 2.981257e+00 -4.135189e+00 -4.833082e+00 6.811460e+01
<VARIANCE> 13
 5.273366e+00 2.214877e+01 8.108019e+01 3.524078e+01 1.003022e+02 4.847520e+01 4.785355e+01 4.503585e+01 2.137413e+01 3.013220e+01 5.067167e+01 8.555518e+01 2.295478e+01
<GCONST> 7.075117e+01
~s "ST_hh_2_1"
<MEAN> 13
 2.458899e+00 -8.962858e+00 2.928047e+00 -7.918292e+00 2.305628e+00 -1.977349e+01 -5.182564e+00 1.238745e+01 2.001534e+00 1.341211e+00 -1.505181e+01 4.506821e+00 6.576624e+01
<VARIANCE> 13
 6.466143e+00 6.623129e+01 2.479653e+01 1.967137e+02 8.986983e+01 4.718121e+01 1.178318e+02 2.953847e+01 3.594034e+01 3.144530e+01 2.424809e+01 7.596043e+01 8.287165e+01
<GCONST> 7.391785e+01
~s "ST_hh_3_1"
<MEAN> 13
 9.327538e-01 -1.798676e+01 -1.234648e+01 -8.760410e+00 -2.163767e+00 -4.029292e+00 -8.592844e+00 7.759100e+00 -2.774444e+00 -1.014838e+00 -1.742601e+01 -1.134631e+01 7.751326e+01
<VARIANCE> 13
 2.717788e+00 3.218920e+00 1.745157e+01 1.559312e+01 1.628756e+01 2.184419e+01 2.136219e+01 2.569809e+01 7.966370e+00 1.160797e+01 7.493552e+00 1.645364e+01 3.854585e+00
<GCONST> 5.454068e+01
~s "ST_k_2_1"
<MEAN> 13
 -9.273168e+00 5.939942e+00 -4.145053e+00 2.782959e+00 -9.482781e-01 1.128590e+00 -2.557759e+00 2.857804e-01 1.181849e+00 -4.821661e-01 7.012359e-01 -7.352939e-01 4.357364e+01
<VARIANCE> 13
 5.198564e+01 7.063772e+01 3.706311e+01 5.170547e+01 3.449713e+01 5.399732e+01 4.046232e+01 2.981013e+01 2.557641e+01 2.500447e+01 2.432773e+01 1.825159e+01 1.571741e+02
<GCONST> 7.189809e+01
~s "ST_hh_4_1"
<MEAN> 13
 4.865619e-01 -1.358613e+01 -1.197008e+00 -9.165170e+00 1.709048e+01 -7.481751e+00 1.057091e+01 -1.445837e+00 6.592645e+00 4.435297e+00 -2.210941e+01 1.904567e+00 6.769460e+01
<VARIANCE> 13
 7.446828e+00 6.595551e+00 1.597583e+01 7.070097e+01 2.617380e+01 4.966115e+01 4.621276e+01 2.472746e+01 2.980609e+01 2.272533e+01 2.525983e+01 1.772791e+01 1.723271e+01
<GCONST> 6.449664e+01
~s "ST_k_3_1"
<MEAN> 13
 -8.914216e+00 -2.279762e+00 -1.092844e+01 3.591108e+00 6.860915e+00 -1.557957e+00 -4.922882e+00 5.114388e-01 2.627166e+00 4.725457e+00 -8.573387e-01 -2.452211e+00 5.046365e+01
<VARIANCE> 13
 3.762858e+01 1.013532e+02 6.334601e+01 5.064881e+01 7.044449e+01 7.372712e+01 3.984745e+01 4.966259e+01 3.927420e+01 4.853512e+01 3.042300e+01 2.607015e+01 1.869386e+02
<GCONST> 7.581743e+01
~s "ST_k_4_1"
<MEAN> 13
 -1.339364e+01 8.515363e+00 -5.363030e+00 6.266998e+00 4.645420e+00 1.069681e+01 -2.292727e+00 -1.029150e+00 2.799182e-01 3.997109e-01 4.166870e+00 1.112035e+00 3.491692e+01
<VARIANCE> 13
 5.211235e+01 7.836324e+01 1.329012e+02 1.398387e+02 7.425156e+01 1.073067e+02 6.019348e+01 1.488956e+02 9.684184e+01 1.030012e+02 3.084119e+01 3.902390e+01 1.286469e+02
<GCONST> 8.127914e+01
~s "ST_k_4_2"
<MEAN> 13
 -8.594049e+00 -9.637976e+00 -1.751957e+01 -1.872510e+00 1.780872e+01 -1.999341e+01 1.517009e+00 1.757202e+00 -8.881166e-01 1.017087e+01 -4.208703e+00 -6.810616e+00 5.726031e+01
<VARIANCE> 13
 6.143414e+01 5.105917e+01 1.569160e+02 1.189723e+02 1.179505e+02 1.459253e+02 6.033657e+01 8.450423e+01 6.731734e+01 7.404526e+01 9.750455e+01 5.931722e+01 8.674688e+01
<GCONST> 8.170795e+01
~s "ST_uw_2_1"
<MEAN> 13
 4.047002e+00 5.311143e-01 -3.528023e+00 -8.366666e+00 -1.980753e+00 5.275725e-01 -1.853419e+01 -1.311324e+01 -4.277147e+00 3.782335e-01 8.358632e-01 -6.334771e+00 6.247108e+01
<VARIANCE> 13
 3.658044e+01 5.544650e+01 2.449526e+01 7.514275e+01 9.341067e+01 5.671614e+01 7.739954e+01 7.263575e+01 6.260348e+01 3.839657e+01 4.388157e+01 4.254241e+01 9.122850e+01
<GCONST> 7.606487e+01
~s "ST_n_2_1"
<MEAN> 13
 2.640706e+00 2.370322e+00 3.312808e+00 -9.488590e-01 -6.801470e+00 -7.406711e+00 -8.917564e+00 -1.322714e+01 -4.283103e+00 -9.636066e-01 -5.321571e+00 -5.205768e+00 6.067731e+01
<VARIANCE> 13
 1.065856e+01 7.917911e+00 7.903784e+00 9.744861e+01 3.050286e+01 6.990245e+01 2.083023e+01 3.550766e+01 1.895009e+01 1.351263e+01 1.659055e+01 5.393800e+01 1.006329e+01
<GCONST> 6.389663e+01
~s "ST_n_2_2"
<MEAN> 13
 3.771574e+00 -2.959057e+00 -8.795707e-01 2.360694e+00 -5.018843e+00 -1.516720e+01 -5.944839e+00 -5.097893e+00 2.632641e-02 1.425808e+00 -1.302617e+01 -9.304840e+00 6.269984e+01
<VARIANCE> 13
 2.741256e+00 2.088741e+01 1.000997e+01 9.434528e+00 7.447527e+01 1.419881e+01 2.174748e+01 4.068598e+01 1.486886e+01 2.495169e+01 2.607245e+01 4.281893e+01 8.173049e+00
<GCONST> 6.127184e+01
~s "ST_uw_3_1"
<MEAN> 13
 5.030078e+00 2.031890e+00 -5.463789e+00 -1.738530e+01 -1.317182e+01 -2.684760e-01 -1.480691e+01 -8.096847e+00 -9.218563e+00 -4.687573e+00 1.966212e+00 -7.774901e+00 6.694903e+01
<VARIANCE> 13
 9.548639e+00 2.162247e+01 9.926698e+00 2.664213e+01 4.262299e+01 1.585082e+01 2.025569e+01 2.932408e+01 2.382831e+01 2.282518e+01 1.578323e+01 3.603062e+01 3.967247e+01
<GCONST> 6.402544e+01
~s "ST_n_3_1"
<MEAN> 13
 5.594298e+00 7.272030e+00 -6.400382e-01 8.141959e+00 5.145453e+00 -8.961112e+00 -6.542987e+00 -2.270188e+00 -1.160339e+00 -4.541899e+00 -1.629907e+01 6.230171e+00 5.289256e+01
<VARIANCE> 13
 1.417991e+01 4.149168e+01 4.627424e+01 4.912291e+01 7.576348e+01 4.905304e+01 3.925629e+01 5.096515e+01 5.811392e+01 5.412911e+01 6.143622e+01 6.180021e+01 2.848127e+01
<GCONST> 7.346533e+01
~s "ST_n_3_2"
<MEAN> 13
 7.988941e+00 6.019057e+00 1.059692e+00 -1.174835e+01 1.002061e+01 9.046015e+00 -2.292411e+01 -1.467371e+01 -5.362869e+00 4.907089e+00 -1.209754e+01 1.112854e+00 5.858344e+01
<VARIANCE> 13
 1.608618e+01 5.213486e+01 2.904089e+01 1.880636e+02 5.203493e+01 6.037017e+01 6.236936e+01 5.889059e+01 6.335323e+01 4.730292e+01 3.523047e+01 4.474951e+01 5.115824e+01
<GCONST> 7.479406e+01
~s "ST_uw_4_1"
<MEAN> 13
 5.669228e+00 7.449255e+00 -6.521279e+00 -1.990645e+01 -3.105510e+00 6.893733e+00 -9.974575e+00 -9.737192e+00 -7.303983e+00 9.742118e-01 -3.731489e+00 3.290989e+00 5.649469e+01
<VARIANCE> 13
 5.733588e+01 6.036006e+01 3.477544e+01 1.472553e+02 7.412749e+01 1.106012e+02 3.451432e+01 4.450935e+01 6.764897e+01 8.675211e+01 6.229032e+01 7.529381e+01 1.264853e+02
<GCONST> 7.890224e+01
~s "ST_n_4_1"
<MEAN> 13
 -2.352173e+00 1.955804e+01 5.018969e+00 1.667714e+01 4.174160e-01 1.791474e+00 -7.122990e+00 -2.203506e+00 -3.914002e+00 -7.278618e+00 -5.709761e+00 -8.363204e-01 3.832030e+01
<VARIANCE> 13
 5.652714e+01 5.992797e+01 2.238960e+01 4.957609e+01 3.190083e+01 5.366069e+01 3.189078e+01 4.014968e+01 3.735621e+01 2.882995e+01 3.963731e+01 3.484903e+01 8.286928e+01
<GCONST> 7.226260e+01
~s "ST_n_4_2"
<MEAN> 13
 -4.198951e-01 1.634014e+01 -1.483244e+00 6.708000e+00 6.201311e-01 3.887346e+00 -1.429076e+01 -1.390390e+01 -7.638683e+00 -2.814916e+00 -4.802580e+00 -2.940553e+00 4.080550e+01
<VARIANCE> 13
 6.037815e+01 4.061186e+01 1.660493e+01 2.762994e+01 4.053606e+01 3.211341e+01 5.660693e+01 3.578972e+01 2.940327e+01 3.277069e+01 2.915642e+01 2.567457e+01 5.754169e+01
<GCONST> 7.015228e+01
~s "ST_d_2_1"
<MEAN> 13
 2.714782e+00 6.931348e+00 7.264563e-01 3.598075e+00 8.563342e-01 -3.646249e+00 -9.932475e+00 -4.386240e+00 2.338556e-01 -4.181566e-01 -9.949828e+00 -5.803260e+00 5.373124e+01
<VARIANCE> 13
 1.978226e+01 3.248544e+02 3.819736e+01 2.108938e+02 8.581696e+01 5.775879e+01 1.007166e+02 8.458742e+01 5.532119e+01 6.022236e+01 5.088926e+01 3.893416e+01 2.327300e+02
<GCONST> 8.036588e+01
~s "ST_d_3_1"
<MEAN> 13
 4.177367e+00 -3.903538e+00 -2.792562e+00 -1.093938e+00 4.651033e+00 -5.155618e+00 -1.270486e+01 -6.314984e+00 3.957842e+00 2.256132e+00 -1.252078e+01 -6.995782e+00 6.200288e+01
<VARIANCE> 13
 1.249645e+01 1.511971e+02 2.039332e+01 2.142363e+02 1.144306e+02 1.082077e+02 2.680898e+02 9.223591e+01 7.046789e+01 6.063122e+01 4.626276e+01 7.440486e+01 1.108713e+02
<GCONST> 8.057060e+01
~s "ST_d_4_1"
<MEAN> 13
 3.280074e+00 -7.509413e+00 -1.711646e+00 -5.441675e+00 3.550759e+00 -8.158794e+00 -7.822044e+00 -4.848082e+00 3.401853e+00 6.973929e-01 -1.316985e+01 -3.855234e+00 6.629159e+01
<VARIANCE> 13
 1.544456e+01 4.533539e+01 2.772388e+01 1.289425e+02 9.465610e+01 9.551577e+01 2.255687e+02 9.060705e+01 5.192215e+01 4.612249e+01 5.994616e+01 6.580466e+01 2.618454e+01
<GCONST> 7.698646e+01
~s "ST_ay_2_1"
<MEAN> 13
 -1.440619e+01 3.529884e+00 -6.593717e+00 1.290977e+01 6.596311e+00 -8.090291e+00 8.983488e+00 3.514146e+00 6.900258e+00 7.032835e-01 -1.190813e+00 -3.023321e-01 6.197325e+01
<VARIANCE> 13
 2.463754e+01 1.573252e+01 2.406858e+01 3.034794e+01 2.318726e+01 1.663777e+01 2.248624e+01 1.868778e+01 2.489981e+01 2.838903e+01 1.831763e+01 1.254326e+01 8.500650e+00
<GCONST> 6.258015e+01
~s "ST_ay_3_1"
<MEAN> 13
 3.641398e+00 -8.361293e+00 -5.863923e+00 -1.145985e+01 1.183834e+01 -9.089354e+00 -1.091965e-01 7.560772e-01 1.107501e+01 -3.980825e+00 -1.677523e+01 5.759019e+00 6.735895e+01
<VARIANCE> 13
 9.736143e+00 1.893925e+01 2.167406e+01 7.640249e+01 7.025762e+01 4.255189e+01 1.873323e+01 1.097269e+01 2.365925e+01 4.125855e+01 3.723562e+01 4.068262e+01 1.740688e+01
<GCONST> 6.691376e+01
~s "ST_ay_4_1"
<MEAN> 13
 6.559372e-01 -1.208816e+01 7.786365e+00 -1.783265e+01 2.971504e+00 -1.732738e+01 9.391621e+00 1.545699e+00 5.694531e-01 8.235575e-01 -1.078198e+01 4.340192e+00 7.069366e+01
<VARIANCE> 13
 5.178299e+00 1.310755e+01 7.332872e+01 2.375451e+01 6.999928e+01 2.628715e+01 2.342646e+01 3.314159e+01 4.832981e+01 4.207706e+01 3.170991e+01 1.702196e+01 6.997338e+00
<GCONST> 6.559923e+01
~s "ST_g_2_1"
<MEAN> 13
 -5.880822e+00 4.356708e+00 2.522444e+01 -1.307307e+01 -3.155538e+00 -7.950857e+00 -4.387589e+00 -1.095122e+01 -1.052841e+01 1.607570e+00 -9.297163e+00 -5.712934e+00 6.115247e+01
<VARIANCE> 13
 1.418396e+01 5.201964e+01 1.191312e+02 1.061812e+02 2.206265e+01 2.226437e+01 2.535120e+01 3.128229e+01 3.438989e+01 3.252411e+01 2.835658e+01 2.721938e+01 8.953703e+01
<GCONST> 7.097745e+01
~s "ST_g_3_1"
<MEAN> 13
 -1.809558e+00 -4.712072e-03 9.856560e+00 1.566141e+00 -1.069956e+01 -1.558419e+01 -4.899542e+00 -2.383977e+00 -5.952210e+00 -1.674597e+00 -2.673038e+00 -6.774549e+00 6.166888e+01
<VARIANCE> 13
 5.041121e+00 1.055535e+02 5.650530e+01 5.676880e+01 9.232709e+01 8.742714e+01 6.603576e+01 3.529787e+01 3.125204e+01 2.506426e+01 6.048209e+01 6.451671e+01 1.093285e+02
<GCONST> 7.461989e+01
~s "ST_g_4_1"
<MEAN> 13
 1.449791e+00 -1.652386e+01 -9.642530e+00 -6.589216e+00 -1.178124e+01 -6.901825e+00 -1.421389e+01 6.506586e+00 3.278421e+00 2.900153e+00 -8.494779e+00 -2.267705e+01 7.670652e+01
<VARIANCE> 13
 3.043399e+00 4.424553e+01 3.382774e+01 1.474830e+01 3.028136e+01 6.886470e+01 2.130438e+01 2.068851e+01 2.141435e+01 1.889395e+01 1.990997e+01 4.806594e+01 4.022556e+01
<GCONST> 6.529991e+01
~s "ST_t_2_1"
<MEAN> 13
 -7.574112e+00 -4.234534e+00 3.922576e-01 1.926458e-01 -9.799290e-01 2.138138e+00 -4.059180e+00 -3.247047e+00 3.375866e+00 -3.136655e+00 -1.786097e-01 -1.759900e+00 5.326066e+01
<VARIANCE> 13
 2.447740e+01 9.929501e+01 2.654174e+01 3.879957e+01 4.436773e+01 8.526697e+01 7.812646e+01 4.624069e+01 4.327817e+01 3.243018e+01 2.234149e+01 2.621314e+01 1.212889e+02
<GCONST> 7.347348e+01
~s "ST_t_2_2"
<MEAN> 13
 -3.150370e+00 -2.488509e+00 -8.853628e+00 -3.520712e+00 3.678712e+00 -4.603833e+00 -2.294067e+00 2.571923e+00 8.982670e+00 2.386580e+00 -7.542484e+00 -6.598173e+00 5.473843e+01
<VARIANCE> 13
 6.539558e+00 1.471216e+01 1.655109e+01 1.523210e+01 2.337335e+01 3.261324e+01 4.706610e+01 1.891899e+01 2.512008e+01 2.340579e+01 2.917122e+01 3.230642e+01 1.694015e+01
<GCONST> 6.347163e+01
~s "ST_t_3_1"
<MEAN> 13
 -6.722754e+00 -2.175332e+00 -6.624040e+00 2.115895e-01 7.465494e-01 -6.124068e+00 -6.795959e+00 -6.139969e-01 1.602638e+00 3.860624e-01 -4.960305e+00 -2.991164e+00 4.942872e+01
<VARIANCE> 13
 2.121881e+01 3.977881e+01 4.853130e+01 3.848463e+01 5.360967e+01 4.772676e+01 1.259835e+02 3.727136e+01 5.590166e+01 3.589371e+01 7.535605e+01 2.683895e+01 8.679514e+01
<GCONST> 7.414449e+01
~s "ST_t_3_2"
<MEAN> 13
 4.356207e+00 -4.352360e+00 -4.765800e+00 -1.744859e+01 -1.399490e+01 -2.211909e+00 -1.707564e+01 -8.596804e+00 -6.786667e+00 3.624991e-01 1.938860e+00 -1.075881e+01 7.221229e+01
<VARIANCE> 13
 1.898601e+00 1.580906e+01 1.385666e+01 1.694437e+01 3.802155e+01 1.192734e+01 2.049890e+01 1.657388e+01 1.516090e+01 2.527004e+01 1.123356e+01 2.485062e+01 4.999433e+00
<GCONST> 5.788744e+01
~s "ST_t_4_1"
<MEAN> 13
 -7.083992e+00 -3.092752e+00 -9.507590e+00 -2.354733e+00 -1.046287e-01 -3.218173e+00 -3.403612e+00 -1.561598e+00 3.932064e+00 2.015455e+00 -1.764539e+00 -3.034264e+00 5.108896e+01
<VARIANCE> 13
 2.573275e+01 6.154943e+01 1.743820e+02 7.780393e+01 8.041311e+01 1.055196e+02 9.563042e+01 7.755338e+01 1.065175e+02 6.745573e+01 6.979507e+01 4.066256e+01 1.515678e+02
<GCONST> 8.058466e+01
~s "ST_t_4_2"
<MEAN> 13
 3.744533e+00 7.481383e-01 5.212880e-01 -2.930751e+01 3.308342e+00 2.414753e+00 -1.030564e+01 -7.758034e+00 -7.828354e+00 2.233388e+00 -5.950112e+00 3.722047e+00 6.629211e+01
<VARIANCE> 13
 4.788551e+00 3.430536e+01 1.494180e+01 5.116276e+01 3.576093e+01 3.315963e+01 4.880424e+01 3.327807e+01 2.308151e+01 5.448175e+01 5.556839e+01 8.026313e+01 4.583202e+01
<GCONST> 6.946881e+01
~s "ST_sil_2_1"
<MEAN> 13
 -1.702605e+01 6.660785e+00 -2.735470e+00 1.048190e+01 4.089936e-01 6.846478e+00 2.754161e-01 2.975832e+00 2.024889e+00 -1.284649e+00 6.959214e-01 -1.661474e+00 3.270986e+01
<VARIANCE> 13
 4.140450e+01 6.749841e+01 4.579197e+01 5.969307e+01 3.981188e+01 7.576814e+01 4.864020e+01 6.440678e+01 5.825454e+01 4.646386e+01 3.610667e+01 3.400452e+01 1.519789e+02
<GCONST> 7.584295e+01
~s "silst"
<MEAN> 13
 -8.310061e+00 1.753427e+00 -5.841231e-01 1.008031e+00 2.774879e+00 6.492289e-01 2.807233e+00 7.038655e-01 3.054034e+00 -9.612087e-01 9.610870e-01 -1.310876e+00 5.284203e+01
<VARIANCE> 13
 3.946276e+00 5.140285e+00 3.744187e+00 6.993502e+00 7.229301e+00 9.183231e+00 9.020144e+00 8.677853e+00 8.523198e+00 7.814466e+00 7.771830e+00 7.272293e+00 3.465925e+00
<GCONST> 4.819955e+01
~s "ST_sil_3_1"
<MEAN> 13
 -7.185740e+00 2.078155e+00 -5.789751e-01 1.124912e+00 2.839720e+00 1.062455e+00 2.860510e+00 6.077481e-01 2.794317e+00 -6.196734e-01 1.263563e+00 -1.292324e+00 5.264034e+01
<VARIANCE> 13
 3.052452e+00 4.027764e+00 4.602420e+00 9.064735e+00 9.233071e+00 1.001777e+01 1.197172e+01 1.032896e+01 9.098092e+00 7.818237e+00 9.066404e+00 8.932451e+00 3.465925e+00
<GCONST> 4.937895e+01
~s "ST_sil_4_1"
<MEAN> 13
 -2.540741e+01 3.127436e+00 -9.386762e+00 4.818839e+00 -6.824771e+00 5.710730e+00 -2.714127e+00 1.819673e+00 1.733485e+00 -5.828841e-01 1.493978e+00 -3.954844e-01 2.300455e+01
<VARIANCE> 13
 1.230972e+01 2.272520e+00 5.530339e+00 5.365284e+00 9.539818e+00 9.032710e+00 9.412944e+00 9.362973e+00 9.984962e+00 8.938065e+00 8.969726e+00 8.034227e+00 2.930041e+01
<GCONST> 5.169562e+01
~s "ST_iy_2_1"
<MEAN> 13
 6.439208e-01 -7.932488e+00 2.238266e+01 -8.890713e+00 -1.002383e+01 -1.311243e+01 -2.725598e+00 -1.932583e+00 -1.643639e+01 6.723354e+00 -8.440968e+00 1.252441e+00 6.575007e+01
<VARIANCE> 13
 5.793928e+00 1.647873e+01 6.471039e+01 3.755252e+01 3.146661e+01 2.606149e+01 3.252132e+01 2.571769e+01 3.726528e+01 2.011557e+01 4.469268e+01 3.812813e+01 9.579714e+00
<GCONST> 6.600538e+01
~s "ST_j_2_1"
<MEAN> 13
 -6.680071e+00 1.883284e+01 3.045352e+01 -9.184106e+00 -2.589314e+00 -3.615334e+00 -1.178144e+01 -3.896935e+00 -1.815483e+01 2.864361e+00 -1.722236e+00 -6.374745e+00 4.889870e+01
<VARIANCE> 13
 3.265390e+00 6.107388e+01 1.132464e+02 1.518382e+02 2.444076e+01 2.823775e+01 4.275246e+01 1.882626e+01 4.974611e+01 3.910141e+01 1.763258e+01 8.941209e+00 7.470504e+01
<GCONST> 6.911489e+01
~s "ST_iy_3_1"
<MEAN> 13
 -2.073957e+00 -4.308527e+00 1.283596e+01 1.577360e+00 -2.302443e+01 -1.302047e+01 -1.128497e+01 -3.549707e+00 -1.328580e+01 -5.392488e-01 8.582580e+00 -1.390178e+01 6.983027e+01
<VARIANCE> 13
 2.682972e+00 8.970623e+00 2.439012e+01 1.752328e+01 2.640664e+01 1.743430e+01 2.504693e+01 2.366174e+01 1.142061e+01 1.655809e+01 4.051186e+01 3.598746e+01 9.458837e+00
<GCONST> 6.042167e+01
~s "ST_j_3_1"
<MEAN> 13
 -1.083466e+00 -3.821227e+00 1.421440e+01 9.239084e+00 -1.741759e+01 -1.048367e+01 -1.297589e+01 -6.912493e+00 -8.351004e+00 -4.364961e+00 3.258186e+00 -7.375341e+00 6.286316e+01
<VARIANCE> 13
 4.604217e+01 2.083518e+01 2.149028e+02 6.477213e+01 4.132877e+01 8.767142e+01 1.798364e+02 5.192665e+01 2.855135e+01 3.368318e+01 4.304426e+01 6.417801e+01 9.912156e+01
<GCONST> 7.702563e+01
~s "ST_iy_4_1"
<MEAN> 13
 -3.845881e+00 3.389012e+00 1.380727e+01 -3.196117e+00 -1.163327e+01 -1.128952e+01 -3.266828e+00 -4.707305e+00 -1.214173e+01 2.678251e+00 -5.577157e+00 1.115810e+00 5.543630e+01
<VARIANCE> 13
 3.233196e+01 5.669355e+01 1.243680e+02 8.953175e+01 6.161982e+01 5.591283e+01 7.988540e+01 4.494871e+01 5.492504e+01 3.196815e+01 5.945480e+01 4.440359e+01 1.219779e+02
<GCONST> 7.720794e+01
~s "ST_j_4_1"
<MEAN> 13
 9.480710e+00 1.602756e+01 -4.763668e+00 4.520133e+00 -4.648650e+00 9.091943e+00 -1.043188e+01 -1.619680e+01 -1.236343e+01 -4.963598e+00 -1.398121e+00 -1.971500e+00 4.681130e+01
<VARIANCE> 13
 2.418514e+01 7.473022e+01 3.884711e+01 3.051237e+01 1.416191e+01 2.685179e+01 2.094547e+01 2.000610e+01 2.038818e+01 2.570969e+01 2.243241e+01 2.988087e+01 5.701331e+01
<GCONST> 6.726147e+01
~s "ST_w_2_1"
<MEAN> 13
 -2.357360e+01 -3.039362e+00 -2.229604e+00 -6.531553e+00 2.220053e+01 -1.061379e+01 1.263761e+00 2.704728e+00 7.344469e+00 -6.221326e+00 6.536428e-01 -7.294285e+00 6.175260e+01
<VARIANCE> 13
 6.177428e+01 3.954351e+01 5.635593e+01 4.518428e+01 4.227568e+01 2.199859e+01 5.614146e+01 2.075165e+01 2.760673e+01 1.185440e+01 1.639017e+01 1.564690e+01 1.206739e+01
<GCONST> 6.725964e+01
~s "ST_w_3_1"
<MEAN> 13
 -1.794686e+01 2.726505e+00 -1.326836e+00 5.478498e+00 5.414566e+00 -2.102117e+00 -4.139689e+00 3.123761e+00 7.644740e+00 1.367824e+00 1.598243e+00 -4.096559e+00 6.450729e+01
<VARIANCE> 13
 7.993618e+01 4.739612e+00 2.646742e+01 2.188066e+01 1.356808e+01 3.088289e+01 1.193330e+01 1.203085e+01 1.231208e+01 1.054805e+01 3.749259e+01 9.891623e+00 4.660567e+00
<GCONST> 5.951732e+01
~s "ST_w_4_1"
<MEAN> 13
 4.255975e+00 -2.266529e+00 6.505150e-01 -1.255300e+00 -5.195416e+00 -5.092029e+00 -1.669617e+01 -6.401966e+00 -6.484521e+00 5.297515e+00 4.968209e+00 -7.015521e+00 6.869831e+01
<VARIANCE> 13
 5.825867e+00 8.389351e+00 3.550123e+01 7.496088e+00 1.439470e+01 3.371460e+01 4.798030e+01 2.969526e+01 4.595705e+01 1.159230e+01 6.372226e+01 5.285432e+01 7.900363e+00
<GCONST> 6.327922e+01
~s "ST_ng_2_1"
<MEAN> 13
 6.117924e+00 5.649108e+00 -1.052313e+01 2.540396e+00 9.537247e+00 5.823557e+00 -3.356829e+00 -7.042747e+00 5.300815e+00 -1.151369e+01 -9.484624e+00 2.529991e+00 5.250888e+01
<VARIANCE> 13
 1.726948e+01 5.248202e+01 4.797762e+01 4.044017e+01 6.062099e+01 5.520695e+01 4.509343e+01 3.745837e+01 6.101702e+01 6.034410e+01 2.427319e+01 3.789318e+01 5.859777e+01
<GCONST> 7.292612e+01
~s "ST_ng_3_1"
<MEAN> 13
 -5.896511e+00 1.556612e+01 -2.491815e-01 1.270619e+01 4.840980e+00 1.184229e+01 -4.310909e+00 -3.133073e+00 -2.707152e+00 -4.968990e+00 -1.235678e+00 -1.655192e+00 3.630677e+01
<VARIANCE> 13
 5.829148e+01 4.283959e+01 2.578780e+01 5.176041e+01 4.272427e+01 6.421687e+01 2.655791e+01 2.712687e+01 3.068983e+01 2.333279e+01 2.141976e+01 1.292505e+01 1.048073e+02
<GCONST> 7.025813e+01
~s "ST_m_2_1"
<MEAN> 13
 3.102824e+00 7.105139e-01 -4.997598e-01 1.419147e+00 3.114906e+00 -5.312434e+00 -3.983319e+00 -1.091719e+01 -9.368453e+00 -2.358821e-01 -5.678642e+00 -5.425279e+00 6.030777e+01
<VARIANCE> 13
 4.757685e+00 2.761625e+01 1.890545e+01 2.423074e+01 5.591814e+01 4.031961e+01 2.379487e+01 3.647615e+01 3.705874e+01 1.775066e+01 3.501931e+01 3.996360e+01 1.601744e+01
<GCONST> 6.589097e+01
~s "ST_ng_4_1"
<MEAN> 13
 -1.760118e+01 4.010436e+00 -9.521084e+00 1.930547e+00 -1.091080e+01 7.545224e-01 -2.529473e+00 2.454959e+00 -2.314208e+00 -5.077812e+00 1.038955e-02 -1.452738e+00 3.004091e+01
<VARIANCE> 13
 7.210320e+01 1.948647e+01 7.122295e+01 1.061271e+02 7.732384e+01 1.129763e+02 1.188196e+02 1.195405e+02 5.554585e+01 2.805411e+01 5.515039e+01 2.330342e+01 1.291987e+02
<GCONST> 7.807847e+01
~s "ST_m_3_1"
<MEAN> 13
 4.512402e+00 4.809369e+00 -7.634706e-01 6.208017e-01 1.424472e+01 1.395889e+00 -7.796054e+00 -1.703553e+01 -1.145605e+01 1.059512e+00 -1.138483e+01 4.923116e+00 5.573788e+01
<VARIANCE> 13
 1.309042e+01 3.825169e+01 3.713190e+01 5.991520e+01 1.004824e+02 6.139673e+01 5.483495e+01 5.380880e+01 4.753289e+01 4.137789e+01 6.871534e+01 6.700478e+01 2.826734e+01
<GCONST> 7.389359e+01
~s "ST_m_4_1"
<MEAN> 13
 -5.610435e+00 1.877388e+01 5.076569e+00 1.944804e+01 8.103919e+00 1.125468e+01 -7.162699e+00 -5.561586e+00 -1.758906e+00 -2.435708e+00 -2.322222e+00 -9.322357e-01 3.509052e+01
<VARIANCE> 13
 4.373141e+01 2.697582e+01 1.379982e+01 3.342282e+01 2.460742e+01 3.689070e+01 6.045214e+01 5.249682e+01 2.644230e+01 3.763528e+01 2.310788e+01 2.308428e+01 5.583976e+01
<GCONST> 6.917763e+01
~s "ST_m_4_2"
<MEAN> 13
 4.262959e+00 7.121566e+00 -6.240823e+00 6.103541e-01 8.643924e+00 5.106607e-01 -1.097170e+01 -7.505456e+00 -9.885466e+00 -3.753740e+00 -5.142111e+00 -3.725802e+00 5.144441e+01
<VARIANCE> 13
 6.547517e+01 8.826122e+01 1.031219e+02 9.490140e+01 1.662039e+02 9.759789e+01 7.790531e+01 1.120573e+02 1.157751e+02 3.063939e+01 6.575352e+01 6.203474e+01 1.036777e+02
<GCONST> 8.164053e+01
~s "ST_ah_2_1"
<MEAN> 13
 4.860233e+00 -9.355947e+00 -8.253297e+00 -1.176857e+01 6.907128e+00 -5.348138e+00 -2.403530e+00 -2.420925e+00 2.074869e+00 4.417606e+00 -1.150529e+01 -4.845378e+00 6.814388e+01
<VARIANCE> 13
 1.278887e+01 3.291924e+01 4.351750e+01 9.191459e+01 1.150221e+02 6.908408e+01 7.147181e+01 4.198411e+01 5.263506e+01 7.076175e+01 5.732027e+01 5.694395e+01 2.124530e+01
<GCONST> 7.458566e+01
~s "ST_ah_2_2"
<MEAN> 13
 2.279467e+00 -1.144027e+01 1.224566e+00 5.181960e-01 -1.065714e+01 -1.311608e+01 -3.835891e+00 5.960563e+00 -4.485556e+00 4.609496e+00 -7.881126e+00 -3.817820e+00 7.261263e+01
<VARIANCE> 13
 4.570930e+00 3.172909e+01 9.846218e+01 2.049211e+01 8.339965e+01 5.356095e+01 3.296552e+01 2.942750e+01 3.066811e+01 1.382036e+01 8.289011e+01 2.945578e+01 7.349344e+00
<GCONST> 6.760531e+01
~s "ST_ah_2_3"
<MEAN> 13
 -1.840027e+00 -9.395288e+00 -7.061324e+00 2.978581e+00 7.150754e+00 -3.724913e+00 -3.474223e+00 -1.772287e+00 -2.486590e-01 -5.055838e+00 -1.307417e+01 -5.270497e+00 7.148531e+01
<VARIANCE> 13
 9.460371e+00 7.719571e+00 2.698449e+01 5.018396e+01 2.047197e+01 3.328516e+01 2.526606e+01 1.752622e+01 1.274200e+01 2.223655e+01 1.646171e+01 2.389023e+01 3.465925e+00
<GCONST> 6.087569e+01
~s "ST_ah_2_4"
<MEAN> 13
 2.236115e+00 -1.187434e+01 -9.728567e+00 -1.024369e+01 1.627258e+01 -1.954501e+01 1.389045e+01 -7.649399e+00 -2.335005e+00 8.441786e+00 -7.503848e+00 -1.269800e+01 7.087778e+01
<VARIANCE> 13
 3.746700e+00 1.100968e+01 1.536641e+01 4.033652e+01 5.663060e+01 4.919272e+01 6.847964e+01 3.851967e+01 2.860767e+01 4.089011e+01 3.946511e+01 1.877674e+01 8.493308e+00
<GCONST> 6.566337e+01
~s "ST_ah_3_1"
<MEAN> 13
 2.876333e+00 -1.750554e+01 -1.553880e+01 -5.202888e+00 -3.604646e+00 -6.229365e+00 -5.458741e+00 3.322102e+00 -3.044706e+00 5.423065e+00 -1.434862e+01 -1.478450e+01 7.655305e+01
<VARIANCE> 13
 3.287655e+00 1.422863e+01 1.510857e+01 1.721731e+01 4.379920e+01 2.439250e+01 2.915651e+01 2.345986e+01 4.177291e+01 1.956684e+01 1.896851e+01 4.792111e+01 1.000025e+01
<GCONST> 6.262190e+01
~s "ST_ah_3_2"
<MEAN> 13
 3.601217e+00 -1.513447e+01 -1.437019e+01 -6.267606e+00 -1.634579e+00 -1.875834e+00 -1.821651e+00 -1.010724e+00 -4.426139e+00 7.552028e+00 -7.851109e+00 -1.613724e+01 7.410116e+01
<VARIANCE> 13
 3.280900e+00 1.466760e+01 1.429004e+01 2.960139e+01 6.518784e+01 3.420531e+01 5.908453e+01 2.099131e+01 2.507577e+01 1.932519e+01 2.671035e+01 4.207622e+01 1.065745e+01
<GCONST> 6.422038e+01
~s "ST_ah_3_3"
<MEAN> 13
 2.691612e+00 -1.691203e+01 -1.369260e+01 -1.200690e+01 -7.122619e+00 2.027244e+00 -1.501005e+01 1.974446e+00 -1.726338e-01 7.026974e+00 -6.768606e+00 -2.271996e+01 7.746324e+01
<VARIANCE> 13
 2.853488e+00 6.229007e+00 1.050128e+01 2.404430e+01 2.161831e+01 1.737410e+01 1.777552e+01 9.886892e+00 2.431678e+01 1.591992e+01 2.167724e+01 2.784247e+01 7.660013e+00
<GCONST> 5.779668e+01
~s "ST_ah_3_4"
<MEAN> 13
 3.452270e+00 -1.847446e+01 -1.245330e+01 -6.855755e+00 -1.596763e+00 -1.579457e+00 -3.716992e+00 1.508019e+00 -3.967029e+00 7.499563e+00 -1.577267e+01 -1.282618e+01 7.596213e+01
<VARIANCE> 13
 3.866462e+00 8.767306e+00 1.528113e+01 2.766042e+01 3.558206e+01 1.739931e+01 1.791625e+01 2.554137e+01 2.102073e+01 1.610936e+01 2.455471e+01 2.229296e+01 8.281292e+00
<GCONST> 6.026076e+01
~s "ST_ah_3_5"
<MEAN> 13
 3.194083e+00 -1.606287e+01 -1.445800e+01 -8.691692e-01 -4.067035e+00 -1.445673e+00 -7.437914e+00 3.639007e+00 1.197328e+00 -2.556563e+00 -1.418387e+01 -8.928607e+00 7.563260e+01
<VARIANCE> 13
 2.650645e+00 7.058055e+00 4.833895e+01 2.337779e+01 3.174460e+01 3.308023e+01 2.614383e+01 2.116295e+01 1.251761e+01 1.522783e+01 1.848719e+01 4.421890e+01 6.469877e+00
<GCONST> 6.094758e+01
~s "ST_ah_3_6"
<MEAN> 13
 3.503172e+00 -1.086815e+01 -4.429829e+00 -8.791073e+00 3.241563e+00 -7.956152e+00 -1.932808e+00 -1.362859e+00 2.339844e+00 1.874200e+00 -1.393475e+01 -4.817978e+00 6.905288e+01
<VARIANCE> 13
 9.079911e+00 6.348891e+01 3.114594e+01 7.064171e+01 8.315712e+01 4.959770e+01 4.729814e+01 3.675671e+01 3.246369e+01 3.616400e+01 4.773577e+01 4.527629e+01 3.338406e+01
<GCONST> 7.198584e+01
~s "ST_ah_3_7"
<MEAN> 13
 3.825884e+00 -1.605475e+01 -1.138543e+01 -4.669845e+00 -6.037390e-01 -3.578997e+00 -6.197862e+00 3.102241e+00 -1.106558e+00 5.398325e+00 -1.429211e+01 -1.282378e+01 7.330278e+01
<VARIANCE> 13
 3.632568e+00 1.247375e+01 1.016658e+01 1.791200e+01 9.015411e+01 1.936198e+01 2.353806e+01 2.537749e+01 2.856546e+01 3.040263e+01 2.069077e+01 4.540778e+01 1.036589e+01
<GCONST> 6.271848e+01
~s "ST_ah_4_1"
<MEAN> 13
 1.335709e+00 -1.011814e+01 -6.807219e+00 -1.260493e+01 8.117526e+00 -6.750753e+00 -7.214544e-01 -2.351759e+00 3.980261e+00 7.658415e+00 -1.318306e+01 -5.983544e+00 6.457294e+01
<VARIANCE> 13
 1.461800e+01 2.420938e+01 3.173017e+01 8.322144e+01 5.918575e+01 5.372480e+01 3.997564e+01 3.819848e+01 4.175811e+01 4.119408e+01 5.073755e+01 4.108179e+01 6.251004e+01
<GCONST> 7.226355e+01
~s "ST_ah_4_2"
<MEAN> 13
 4.194658e+00 -1.079405e+01 -5.763238e+00 -1.083013e+01 1.037977e+01 -5.706580e+00 4.085480e+00 -7.833453e+00 3.868822e+00 3.244371e+00 -1.209175e+01 -3.986221e+00 6.696346e+01
<VARIANCE> 13
 5.758246e+00 4.352560e+01 1.292941e+01 3.847967e+01 6.135891e+01 3.911866e+01 3.613768e+01 2.785699e+01 4.955615e+01 5.638097e+01 4.452713e+01 3.711148e+01 1.999259e+01
<GCONST> 6.866441e+01
~s "ST_ah_4_3"
<MEAN> 13
 1.241070e+00 -5.774600e+00 2.210237e+00 -7.455287e+00 8.139024e+00 -1.847908e+01 1.433623e+00 2.577636e+00 3.392528e+00 1.077968e+00 -1.718015e+01 3.009204e+00 6.354076e+01
<VARIANCE> 13
 2.824749e+00 4.481866e+01 1.490907e+01 1.003604e+02 2.734240e+01 5.971096e+01 4.381848e+01 2.392984e+01 3.159782e+01 3.625323e+01 1.414826e+01 6.755017e+01 2.965964e+01
<GCONST> 6.769318e+01
~s "ST_ah_4_4"
<MEAN> 13
 2.442978e+00 -1.517183e+01 -5.249740e+00 -1.619971e+01 1.265376e+01 -1.137173e+01 2.533198e+00 -4.248222e+00 6.977302e+00 3.549336e+00 -1.694789e+01 -1.271810e+00 7.240733e+01
<VARIANCE> 13
 3.179834e+00 1.552547e+01 1.581308e+01 4.423893e+01 7.527728e+01 2.979095e+01 6.072261e+01 5.249857e+01 4.412620e+01 4.156398e+01 2.641821e+01 5.497776e+01 1.525140e+01
<GCONST> 6.764458e+01
~s "ST_ah_4_5"
<MEAN> 13
 2.248790e+00 -1.368140e+01 -3.116092e+00 -1.163293e+01 1.454243e+01 -1.355581e+01 4.514588e+00 3.997837e-01 6.387470e+00 -1.863422e+00 -2.016008e+01 2.410278e+00 6.964790e+01
<VARIANCE> 13
 4.008044e+00 1.257873e+01 1.007133e+01 2.825386e+01 6.315396e+01 1.520115e+01 2.968782e+01 3.504350e+01 2.745218e+01 3.965976e+01 2.854647e+01 5.614765e+01 9.010058e+00
<GCONST> 6.384855e+01
~s "ST_ah_4_6"
<MEAN> 13
 3.450078e+00 -1.047028e+01 -5.202918e+00 -8.071839e+00 1.400097e+01 -8.145614e+00 -4.548981e-01 8.341238e-01 9.674820e+00 -5.393796e+00 -1.654115e+01 -3.229254e-01 6.719126e+01
<VARIANCE> 13
 7.679616e+00 1.584689e+01 4.346587e+01 3.727850e+01 1.811530e+02 3.845404e+01 6.912681e+01 5.758953e+01 4.245390e+01 7.582331e+01 4.748776e+01 8.667614e+01 1.250423e+01
<GCONST> 7.214798e+01
~s "ST_eh_2_1"
<MEAN> 13
 2.123469e+00 -1.404122e+01 9.436113e-01 -1.232698e+00 -1.899308e+01 -1.666598e+01 -1.466714e+01 9.801345e+00 -1.749153e+00 1.792061e+00 1.070322e+00 -1.229987e+01 7.244924e+01
<VARIANCE> 13
 1.420587e+00 3.798008e+00 3.403417e+01 1.311814e+01 3.683788e+01 1.822425e+01 1.951406e+01 1.224767e+01 1.689025e+01 7.252098e+00 3.622798e+01 6.034769e+01 3.465925e+00
<GCONST> 5.740602e+01
~s "ST_eh_3_1"
<MEAN> 13
 3.002040e+00 -1.093652e+01 8.184191e+00 -1.181950e+01 -6.188243e-01 -1.624398e+01 -1.343096e+01 2.037014e+00 -3.723334e+00 5.050649e+00 -3.884282e+00 -3.037801e+00 6.989941e+01
<VARIANCE> 13
 1.420587e+00 5.239246e+00 2.544405e+01 7.285971e+00 2.098305e+01 9.773766e+01 9.536577e+01 1.745009e+02 4.216105e+01 5.384154e+00 3.459779e+01 1.238378e+02 3.465925e+00
<GCONST> 6.349844e+01
~s "ST_eh_4_1"
<MEAN> 13
 4.526109e+00 -2.453831e+00 1.947190e+00 -1.227472e+01 1.108222e+01 -1.408486e+01 -1.360785e+01 -3.935776e+00 -6.700457e+00 1.424358e+01 -1.164992e+01 -3.527156e-01 6.363523e+01
<VARIANCE> 13
 4.279941e+00 3.703837e+01 1.430547e+01 2.321845e+01 8.312769e+01 8.425073e+01 1.318356e+01 8.202040e+01 1.410488e+01 2.284864e+01 5.898678e+01 2.668225e+01 2.082185e+01
<GCONST> 6.677673e+01
~s "ST_p_2_1"
<MEAN> 13
 -1.155577e+01 4.155721e+00 -7.925189e+00 2.406070e+00 -3.227173e+00 1.269443e+00 -7.518985e+00 -1.121068e+00 -1.821144e+00 -9.008458e-01 -1.255866e+00 -4.215736e+00 3.700280e+01
<VARIANCE> 13
 7.326917e+01 3.420166e+01 4.144665e+01 4.017507e+01 5.056179e+01 3.698567e+01 5.995221e+01 6.896560e+01 4.999680e+01 3.552294e+01 5.651757e+01 2.843980e+01 1.114726e+02
<GCONST> 7.457561e+01
~s "ST_p_3_1"
<MEAN> 13
 -4.835590e+00 8.341449e-01 -5.365086e+00 4.696709e-01 1.161681e-01 -1.068291e+00 3.056353e-01 6.298359e-01 3.653807e+00 9.633572e-01 -7.247414e-01 -3.190909e+00 5.242577e+01
<VARIANCE> 13
 1.524811e+01 1.705869e+01 3.234473e+01 2.896426e+01 2.641239e+01 2.844498e+01 2.889215e+01 2.277982e+01 2.867876e+01 1.966617e+01 1.744569e+01 1.943647e+01 4.202678e+01
<GCONST> 6.530689e+01
~s "ST_p_4_1"
<MEAN> 13
 4.288390e+00 -4.959184e+00 -8.343495e+00 -2.282554e+00 2.672985e-01 -5.300849e+00 -8.790403e-01 -2.137748e+00 2.767766e+00 4.788095e+00 -1.684680e+00 -3.716269e+00 6.246946e+01
<VARIANCE> 13
 2.428664e+01 2.044492e+01 3.650185e+01 8.267870e+01 7.026697e+01 7.356203e+01 7.243846e+01 4.761066e+01 4.928241e+01 3.844521e+01 3.439198e+01 3.490660e+01 3.602058e+01
<GCONST> 7.303001e+01
~s "ST_ax_2_1"
<MEAN> 13
 2.915596e+00 -7.119040e+00 5.208368e+00 -5.874219e+00 -6.092622e-01 -1.217886e+01 -6.943846e+00 2.637249e+00 -5.480058e+00 4.965046e+00 -6.531196e+00 -1.935987e+00 6.520407e+01
<VARIANCE> 13
 8.336538e+00 4.756472e+01 1.632992e+02 4.895967e+01 1.126010e+02 9.420580e+01 3.605646e+01 8.858181e+01 1.488838e+02 6.016391e+01 5.227280e+01 4.467708e+01 6.014098e+01
<GCONST> 7.715294e+01
~s "ST_ih_2_1"
<MEAN> 13
 4.852362e+00 8.125842e+00 7.954705e+00 -7.591290e+00 -9.165702e+00 2.529234e+00 1.844868e+00 -9.559997e+00 -1.668076e+01 1.058615e+00 -6.160418e+00 -5.811965e-01 5.584717e+01
<VARIANCE> 13
 5.831811e+01 1.342834e+02 2.371187e+02 1.200471e+02 4.907477e+01 1.394312e+02 8.368647e+01 4.684904e+01 3.945388e+01 9.759566e+01 5.973555e+01 4.493535e+01 9.234740e+01
<GCONST> 8.089631e+01
~s "ST_ax_3_1"
<MEAN> 13
 4.539262e+00 -7.453702e+00 -5.425046e+00 -7.097603e+00 2.011006e+00 -1.099274e+01 -1.059262e+01 -1.332329e+00 -7.835327e-01 1.014439e+01 -9.786749e+00 -5.210127e+00 6.847012e+01
<VARIANCE> 13
 3.960291e+00 5.565752e+01 6.771801e+01 5.158886e+01 1.613173e+02 1.148562e+02 3.629367e+01 1.337655e+02 7.742075e+01 4.682869e+01 5.250289e+01 1.047420e+02 5.032845e+01
<GCONST> 7.648807e+01
~s "ST_ih_3_1"
<MEAN> 13
 -2.457967e+00 -2.051524e+00 1.314884e+01 8.599156e-03 -1.907188e+01 -1.114432e+01 -9.953464e+00 -3.832753e+00 -1.185138e+01 -6.554757e-01 7.718381e+00 -1.305346e+01 6.703615e+01
<VARIANCE> 13
 9.333420e+00 2.032715e+01 3.852730e+01 4.226638e+01 5.178105e+01 3.567406e+01 6.343421e+01 3.814642e+01 2.161638e+01 2.439566e+01 5.253267e+01 4.407685e+01 3.856874e+01
<GCONST> 6.951388e+01
~s "ST_ax_4_1"
<MEAN> 13
 3.294165e+00 -2.994430e+00 -3.225747e+00 -4.409553e+00 2.773942e+00 -1.059768e+01 -9.913278e+00 -4.762524e+00 6.512526e-01 6.140659e+00 -8.058104e+00 -4.540514e+00 6.583143e+01
<VARIANCE> 13
 6.163207e+00 4.125413e+01 6.238428e+01 4.904703e+01 1.521632e+02 1.190182e+02 4.127876e+01 1.251892e+02 8.499308e+01 3.631985e+01 5.353882e+01 9.979885e+01 3.600223e+01
<GCONST> 7.601333e+01
~s "ST_ih_4_1"
<MEAN> 13
 -8.291431e+00 5.883141e+00 6.670224e+00 -1.105991e-01 -1.010850e-01 -3.873191e+00 2.740730e+00 4.476605e-01 -4.339993e+00 4.662867e+00 -2.088070e+00 -2.393723e-01 4.963453e+01
<VARIANCE> 13
 8.446340e+01 8.658369e+01 8.764391e+01 1.399766e+02 9.687185e+01 1.378473e+02 1.452340e+02 1.391034e+02 6.882328e+01 8.379582e+01 4.178159e+01 7.139207e+01 3.195817e+02
<GCONST> 8.404527e+01
~h "t+ah"
<BEGINHMM>
<NUMSTATES> 5
<STATE> 2
~s "ST_t_2_1"
<STATE> 3
~s "ST_t_3_1"
<STATE> 4
~s "ST_t_4_1"
~t "T_t"
<ENDHMM>
~h "d-eh+l"
<BEGINHMM>
<NUMSTATES> 5
<STATE> 2
~s "ST_eh_2_1"
<STATE> 3
~s "ST_eh_3_1"
<STATE> 4
~s "ST_eh_4_1"
~t "T_eh"
<ENDHMM>
~h "t-uw"
<BEGINHMM>
<NUMSTATES> 5
<STATE> 2
~s "ST_uw_2_1"
<STATE> 3
~s "ST_uw_3_1"
<STATE> 4
~s "ST_uw_4_1"
~t "T_uw"
<ENDHMM>
~h "sp"
<BEGINHMM>
<NUMSTATES> 5
<STATE> 2
~s "ST_sil_3_1"
<STATE> 3
<MEAN> 13
 -4.984260e+00 2.724563e+00 -2.526660e+00 2.692932e+00 8.366230e-01 -3.227144e+00 -2.533968e+00 -1.279383e-01 3.621109e-01 -1.122705e+00 -4.489381e+00 -3.161819e+00 5.116174e+01
<VARIANCE> 13
 6.220631e+01 6.999323e+01 8.056867e+01 1.183378e+02 5.883287e+01 9.586586e+01 5.843063e+01 5.589354e+01 5.285138e+01 3.879161e+01 6.826633e+01 4.498349e+01 1.807571e+02
<GCONST> 7.901541e+01
<STATE> 4
<MEAN> 13
 -8.627931e+00 2.938943e+00 -4.084335e+00 3.383102e+00 -3.015224e-01 -1.995327e+00 -2.923274e+00 -1.795367e-01 3.863627e-01 -1.146878e+00 -3.038049e+00 -2.482041e+00 4.665031e+01
<VARIANCE> 13
 9.719691e+01 6.316981e+01 6.604697e+01 9.641406e+01 6.270713e+01 8.594985e+01 6.809346e+01 5.368981e+01 5.046898e+01 3.303415e+01 5.199406e+01 3.566899e+01 2.579988e+02
<GCONST> 7.866759e+01
<TRANSP> 5
 0.000000e+00 1.062863e-01 8.937137e-01 0.000000e+00 0.000000e+00
 0.000000e+00 8.888891e-01 1.111109e-01 0.000000e+00 0.000000e+00
 0.000000e+00 0.000000e+00 6.555867e-02 9.344413e-01 0.000000e+00
 0.000000e+00 0.000000e+00 0.000000e+00 2.230168e-01 7.769831e-01
 0.000000e+00 0.000000e+00 0.000000e+00 0.000000e+00 0.000000e+00
<ENDHMM>
~h "uh-k+s"
<BEGINHMM>
<NUMSTATES> 5
<STATE> 2
~s "ST_k_2_1"
<STATE> 3
~s "ST_k_3_1"
<STATE> 4
~s "ST_k_4_2"
~t "T_k"
<ENDHMM>
~h "l-uh+k"
<BEGINHMM>
<NUMSTATES> 5
<STATE> 2
~s "ST_uh_2_1"
<STATE> 3
~s "ST_uh_3_1"
<STATE> 4
~s "ST_uh_4_2"
~t "T_uh"
<ENDHMM>
~h "ax+m"
<BEGINHMM>
<NUMSTATES> 5
<STATE> 2
~s "ST_ax_2_1"
<STATE> 3
~s "ST_ax_3_1"
<STATE> 4
~s "ST_ax_4_1"
~t "T_ax"
<ENDHMM>
~h "uh-n+t"
<BEGINHMM>
<NUMSTATES> 5
<STATE> 2
~s "ST_n_2_1"
<STATE> 3
~s "ST_n_3_2"
<STATE> 4
~s "ST_n_4_2"
~t "T_n"
<ENDHMM>
~h "oh-r+ah"
<BEGINHMM>
<NUMSTATES> 5
<STATE> 2
~s "ST_r_2_1"
<STATE> 3
~s "ST_r_3_1"
<STATE> 4
~s "ST_r_4_2"
~t "T_r"
<ENDHMM>
~h "d+ax"
<BEGINHMM>
<NUMSTATES> 5
<STATE> 2
~s "ST_d_2_1"
<STATE> 3
~s "ST_d_3_1"
<STATE> 4
~s "ST_d_4_1"
~t "T_d"
<ENDHMM>
~h "d-ah"
<BEGINHMM>
<NUMSTATES> 5
<STATE> 2
~s "ST_ah_2_1"
<STATE> 3
~s "ST_ah_3_6"
<STATE> 4
~s "ST_ah_4_3"
~t "T_ah"
<ENDHMM>
~h "m-ih+s"
<BEGINHMM>
<NUMSTATES> 5
<STATE> 2
~s "ST_ih_2_1"
<STATE> 3
~s "ST_ih_3_1"
<STATE> 4
~s "ST_ih_4_1"
~t "T_ih"
<ENDHMM>
~h "k-ah+m"
<BEGINHMM>
<NUMSTATES> 5
<STATE> 2
~s "ST_ah_2_4"
<STATE> 3
~s "ST_ah_3_2"
<STATE> 4
~s "ST_ah_4_2"
~t "T_ah"
<ENDHMM>
~h "ax-n+ih"
<BEGINHMM>
<NUMSTATES> 5
<STATE> 2
~s "ST_n_2_1"
<STATE> 3
~s "ST_n_3_1"
<STATE> 4
~s "ST_n_4_1"
~t "T_n"
<ENDHMM>
~h "m-ah+l"
<BEGINHMM>
<NUMSTATES> 5
<STATE> 2
~s "ST_ah_2_1"
<STATE> 3
~s "ST_ah_3_6"
<STATE> 4
~s "ST_ah_4_6"
~t "T_ah"
<ENDHMM>
~h "m-ah+r"
<BEGINHMM>
<NUMSTATES> 5
<STATE> 2
~s "ST_ah_2_1"
<STATE> 3
~s "ST_ah_3_7"
<STATE> 4
~s "ST_ah_4_6"
~t "T_ah"
<ENDHMM>
~h "m+ah"
<BEGINHMM>
<NUMSTATES> 5
<STATE> 2
~s "ST_m_2_1"
<STATE> 3
~s "ST_m_3_1"
<STATE> 4
~s "ST_m_4_2"
~t "T_m"
<ENDHMM>
~h "ah-p+ah"
<BEGINHMM>
<NUMSTATES> 5
<STATE> 2
~s "ST_p_2_1"
<STATE> 3
~s "ST_p_3_1"
<STATE> 4
~s "ST_p_4_1"
~t "T_p"
<ENDHMM>
~h "s-ah+b"
<BEGINHMM>
<NUMSTATES> 5
<STATE> 2
~s "ST_ah_2_1"
<STATE> 3
~s "ST_ah_3_2"
<STATE> 4
~s "ST_ah_4_2"
~t "T_ah"
<ENDHMM>
~h "s-ah+n"
<BEGINHMM>
<NUMSTATES> 5
<STATE> 2
~s "ST_ah_2_1"
<STATE> 3
~s "ST_ah_3_1"
<STATE> 4
~s "ST_ah_4_5"
~t "T_ah"
<ENDHMM>
~h "s-ah+r"
<BEGINHMM>
<NUMSTATES> 5
<STATE> 2
~s "ST_ah_2_1"
<STATE> 3
~s "ST_ah_3_1"
<STATE> 4
~s "ST_ah_4_4"
~t "T_ah"
<ENDHMM>
~h "hh-ah+r"
<BEGINHMM>
<NUMSTATES> 5
<STATE> 2
~s "ST_ah_2_3"
<STATE> 3
~s "ST_ah_3_5"
<STATE> 4
~s "ST_ah_4_6"
~t "T_ah"
<ENDHMM>
~h "w-iy+t"
<BEGINHMM>
<NUMSTATES> 5
<STATE> 2
~s "ST_iy_2_1"
<STATE> 3
~s "ST_iy_3_1"
<STATE> 4
~s "ST_iy_4_1"
~t "T_iy"
<ENDHMM>
~h "ng-g+uw"
<BEGINHMM>
<NUMSTATES> 5
<STATE> 2
~s "ST_g_2_1"
<STATE> 3
~s "ST_g_3_1"
<STATE> 4
~s "ST_g_4_1"
~t "T_g"
<ENDHMM>
~h "uh+n"
<BEGINHMM>
<NUMSTATES> 5
<STATE> 2
~s "ST_uh_2_1"
<STATE> 3
~s "ST_uh_3_1"
<STATE> 4
~s "ST_uh_4_1"
~t "T_uh"
<ENDHMM>
~h "uh-k"
<BEGINHMM>
<NUMSTATES> 5
<STATE> 2
~s "ST_k_2_1"
<STATE> 3
~s "ST_k_3_1"
<STATE> 4
~s "ST_k_4_1"
~t "T_k"
<ENDHMM>
~h "ax-ng+ah"
<BEGINHMM>
<NUMSTATES> 5
<STATE> 2
~s "ST_ng_2_1"
<STATE> 3
~s "ST_ng_3_1"
<STATE> 4
~s "ST_ng_4_1"
~t "T_ng"
<ENDHMM>
~h "r-ah+ng"
<BEGINHMM>
<NUMSTATES> 5
<STATE> 2
~s "ST_ah_2_1"
<STATE> 3
~s "ST_ah_3_6"
<STATE> 4
~s "ST_ah_4_2"
~t "T_ah"
<ENDHMM>
~h "k-s"
<BEGINHMM>
<NUMSTATES> 5
<STATE> 2
~s "ST_s_2_1"
<STATE> 3
~s "ST_s_3_1"
<STATE> 4
~s "ST_s_4_1"
~t "T_s"
<ENDHMM>
~h "sil"
<BEGINHMM>
<NUMSTATES> 5
<STATE> 2
<MEAN> 13
 -1.698398e+01 6.849823e+00 -2.656533e+00 1.034580e+01 2.806112e-01 6.673119e+00 8.475087e-02 2.944263e+00 1.827411e+00 -1.402041e+00 7.256798e-01 -1.575396e+00 3.258158e+01
<VARIANCE> 13
 4.265206e+01 6.814036e+01 4.477763e+01 6.060037e+01 3.985987e+01 7.392500e+01 4.736697e+01 6.271856e+01 5.660339e+01 4.510634e+01 3.515215e+01 3.327295e+01 1.467433e+02
<GCONST> 7.565627e+01
<STATE> 3
~s "silst"
<STATE> 4
<MEAN> 13
 -2.538821e+01 3.134161e+00 -9.374077e+00 4.809469e+00 -6.818064e+00 5.697162e+00 -2.723974e+00 1.824053e+00 1.700508e+00 -5.950330e-01 1.486433e+00 -4.101958e-01 2.302336e+01
<VARIANCE> 13
 1.237716e+01 2.323328e+00 5.558608e+00 5.487138e+00 9.541741e+00 9.176285e+00 9.494316e+00 9.568040e+00 1.014803e+01 9.019543e+00 9.080721e+00 8.140094e+00 2.922408e+01
<GCONST> 5.184505e+01
<TRANSP> 5
 0.000000e+00 1.000000e+00 0.000000e+00 0.000000e+00 0.000000e+00
 0.000000e+00 6.983133e-01 1.230675e-01 1.786192e-01 0.000000e+00
 0.000000e+00 0.000000e+00 9.560346e-01 4.396538e-02 0.000000e+00
 0.000000e+00 1.271532e-02 0.000000e+00 9.280086e-01 5.927606e-02
 0.000000e+00 0.000000e+00 0.000000e+00 0.000000e+00 0.000000e+00
<ENDHMM>
~h "g-ah"
<BEGINHMM>
<NUMSTATES> 5
<STATE> 2
~s "ST_ah_2_1"
<STATE> 3
~s "ST_ah_3_6"
<STATE> 4
~s "ST_ah_4_1"
~t "T_ah"
<ENDHMM>
~h "ah-b+uw"
<BEGINHMM>
<NUMSTATES> 5
<STATE> 2
~s "ST_b_2_1"
<STATE> 3
~s "ST_b_3_1"
<STATE> 4
~s "ST_b_4_1"
~t "T_b"
<ENDHMM>
~h "p-ah"
<BEGINHMM>
<NUMSTATES> 5
<STATE> 2
~s "ST_ah_2_1"
<STATE> 3
~s "ST_ah_3_4"
<STATE> 4
~s "ST_ah_4_1"
~t "T_ah"
<ENDHMM>
~h "d-ah+r"
<BEGINHMM>
<NUMSTATES> 5
<STATE> 2
~s "ST_ah_2_1"
<STATE> 3
~s "ST_ah_3_7"
<STATE> 4
~s "ST_ah_4_4"
~t "T_ah"
<ENDHMM>
~h "b-t+uw"
<BEGINHMM>
<NUMSTATES> 5
<STATE> 2
~s "ST_t_2_1"
<STATE> 3
~s "ST_t_3_1"
<STATE> 4
~s "ST_t_4_2"
~t "T_t"
<ENDHMM>
~h "uw-ah"
<BEGINHMM>
<NUMSTATES> 5
<STATE> 2
~s "ST_ah_2_1"
<STATE> 3
~s "ST_ah_3_3"
<STATE> 4
~s "ST_ah_4_1"
~t "T_ah"
<ENDHMM>
~h "s-w+iy"
<BEGINHMM>
<NUMSTATES> 5
<STATE> 2
~s "ST_w_2_1"
<STATE> 3
~s "ST_w_3_1"
<STATE> 4
~s "ST_w_4_1"
~t "T_w"
<ENDHMM>
~h "oh+r"
<BEGINHMM>
<NUMSTATES> 5
<STATE> 2
~s "ST_oh_2_1"
<STATE> 3
~s "ST_oh_3_1"
<STATE> 4
~s "ST_oh_4_1"
~t "T_oh"
<ENDHMM>
~h "oh-r"
<BEGINHMM>
<NUMSTATES> 5
<STATE> 2
~s "ST_r_2_1"
<STATE> 3
~s "ST_r_3_1"
<STATE> 4
~s "ST_r_4_1"
~t "T_r"
<ENDHMM>
~h "ah-t+uw"
<BEGINHMM>
<NUMSTATES> 5
<STATE> 2
~s "ST_t_2_2"
<STATE> 3
~s "ST_t_3_1"
<STATE> 4
~s "ST_t_4_1"
~t "T_t"
<ENDHMM>
~h "ah-l+ah"
<BEGINHMM>
<NUMSTATES> 5
<STATE> 2
~s "ST_l_2_1"
<STATE> 3
~s "ST_l_3_1"
<STATE> 4
~s "ST_l_4_1"
~t "T_l"
<ENDHMM>
~h "p-ah+d"
<BEGINHMM>
<NUMSTATES> 5
<STATE> 2
~s "ST_ah_2_1"
<STATE> 3
~s "ST_ah_3_4"
<STATE> 4
~s "ST_ah_4_4"
~t "T_ah"
<ENDHMM>
~h "p-ah+n"
<BEGINHMM>
<NUMSTATES> 5
<STATE> 2
~s "ST_ah_2_1"
<STATE> 3
~s "ST_ah_3_4"
<STATE> 4
~s "ST_ah_4_5"
~t "T_ah"
<ENDHMM>
~h "n-t+uh"
<BEGINHMM>
<NUMSTATES> 5
<STATE> 2
~s "ST_t_2_1"
<STATE> 3
~s "ST_t_3_2"
<STATE> 4
~s "ST_t_4_2"
~t "T_t"
<ENDHMM>
~h "r-ah+b"
<BEGINHMM>
<NUMSTATES> 5
<STATE> 2
~s "ST_ah_2_1"
<STATE> 3
~s "ST_ah_3_7"
<STATE> 4
~s "ST_ah_4_2"
~t "T_ah"
<ENDHMM>
~h "hh+ah"
<BEGINHMM>
<NUMSTATES> 5
<STATE> 2
~s "ST_hh_2_1"
<STATE> 3
~s "ST_hh_3_1"
<STATE> 4
~s "ST_hh_4_1"
~t "T_hh"
<ENDHMM>
~h "ah-n+d"
<BEGINHMM>
<NUMSTATES> 5
<STATE> 2
~s "ST_n_2_2"
<STATE> 3
~s "ST_n_3_1"
<STATE> 4
~s "ST_n_4_2"
~t "T_n"
<ENDHMM>
~h "j+uh"
<BEGINHMM>
<NUMSTATES> 5
<STATE> 2
~s "ST_j_2_1"
<STATE> 3
~s "ST_j_3_1"
<STATE> 4
~s "ST_j_4_1"
~t "T_j"
<ENDHMM>
~h "ng-ah+n"
<BEGINHMM>
<NUMSTATES> 5
<STATE> 2
~s "ST_ah_2_1"
<STATE> 3
~s "ST_ah_3_6"
<STATE> 4
~s "ST_ah_4_5"
~t "T_ah"
<ENDHMM>
~h "s-ah"
<BEGINHMM>
<NUMSTATES> 5
<STATE> 2
~s "ST_ah_2_1"
<STATE> 3
~s "ST_ah_3_1"
<STATE> 4
~s "ST_ah_4_1"
~t "T_ah"
<ENDHMM>
~h "ay-ah"
<BEGINHMM>
<NUMSTATES> 5
<STATE> 2
~s "ST_ah_2_2"
<STATE> 3
~s "ST_ah_3_4"
<STATE> 4
~s "ST_ah_4_1"
~t "T_ah"
<ENDHMM>
~h "s-ay+ah"
<BEGINHMM>
<NUMSTATES> 5
<STATE> 2
~s "ST_ay_2_1"
<STATE> 3
~s "ST_ay_3_1"
<STATE> 4
~s "ST_ay_4_1"
~t "T_ay"
<ENDHMM>
~h "ah-m"
<BEGINHMM>
<NUMSTATES> 5
<STATE> 2
~s "ST_m_2_1"
<STATE> 3
~s "ST_m_3_1"
<STATE> 4
~s "ST_m_4_1"
~t "T_m"
<ENDHMM>
~h "ah-n"
<BEGINHMM>
<NUMSTATES> 5
<STATE> 2
~s "ST_n_2_2"
<STATE> 3
~s "ST_n_3_1"
<STATE> 4
~s "ST_n_4_1"
~t "T_n"
<ENDHMM>
